data/beijing.asc
ncols         209
nrows         162
xllcorner     115.41381
yllcorner     39.441978
cellsize      0.01
NODATA_value  -9999
[rows 34 to 67 of 162, columns 78 to 155 of 209]
41.45 41.24 41.02 40.81 40.6 40.39 40.17 39.96 39.74 39.53 39.31 39.09 38.88 38.66 38.45 38.23 38.02 37.8 37.59 37.37 37.16 36.95 36.74 36.52 36.31 36.1 35.89 35.68 35.47 35.26 35.06 34.85 34.64 34.44 34.23 34.03 33.82 33.62 33.42 33.22 33.02 32.82 32.62 32.42 32.23 32.03 31.84 31.65 31.46 31.27 31.08 30.89 30.7 30.52 30.34 30.16 29.98 29.8 29.63 29.46 29.29 29.12 28.95 28.79 28.62 28.46 28.31 28.15 28 27.85 27.7 27.55 27.41 27.27 27.13 26.99 -9999 -9999
41.47 41.25 41.04 40.82 40.61 40.39 40.17 39.96 39.74 39.52 39.3 39.08 38.86 38.65 38.43 38.21 37.99 37.78 37.56 37.34 37.13 36.91 36.7 36.48 36.27 36.06 35.84 35.63 35.42 35.21 35 34.79 34.58 34.38 34.17 33.96 33.76 33.55 33.35 33.15 32.94 32.74 32.54 32.34 32.15 31.95 31.75 31.56 31.37 31.18 30.99 30.8 30.61 30.42 30.24 30.06 29.88 29.7 29.53 29.35 29.18 29.01 28.84 28.68 28.51 28.35 28.19 28.04 27.88 27.73 27.58 27.44 27.29 27.15 27.01 26.87 26.74 -9999
41.49 41.27 41.05 40.84 40.62 40.4 40.18 39.95 39.73 39.51 39.29 39.07 38.85 38.63 38.41 38.19 37.97 37.75 37.53 37.31 37.09 36.87 36.66 36.44 36.23 36.01 35.8 35.58 35.37 35.16 34.94 34.73 34.52 34.31 34.1 33.9 33.69 33.48 33.28 33.07 32.87 32.67 32.46 32.26 32.06 31.86 31.67 31.47 31.28 31.08 30.89 30.7 30.51 30.33 30.14 29.96 29.78 29.6 29.42 29.24 29.07 28.9 28.73 28.56 28.4 28.24 28.08 27.92 27.77 27.61 27.46 27.32 27.17 27.03 26.89 26.75 26.62 26.49
41.51 41.29 41.07 40.85 40.62 40.4 40.18 39.95 39.73 39.51 39.28 39.06 38.83 38.61 38.39 38.16 37.94 37.72 37.5 37.28 37.06 36.84 36.62 36.4 36.18 35.96 35.75 35.53 35.32 35.1 34.89 34.67 34.46 34.25 34.04 33.83 33.62 33.41 33.2 33 32.79 32.59 32.38 32.18 31.98 31.78 31.58 31.38 31.18 30.99 30.8 30.6 30.41 30.22 30.04 29.85 29.67 29.49 29.31 29.13 28.96 28.79 28.62 28.45 28.28 28.12 27.96 27.8 27.65 27.49 27.34 27.2 27.05 26.91 26.77 26.63 26.5 26.37
41.53 41.31 41.08 40.86 40.63 40.41 40.18 39.95 39.72 39.5 39.27 39.04 38.82 38.59 38.36 38.14 37.91 37.69 37.47 37.24 37.02 36.8 36.58 36.35 36.13 35.92 35.7 35.48 35.26 35.04 34.83 34.61 34.4 34.19 33.97 33.76 33.55 33.34 33.13 32.92 32.71 32.51 32.3 32.1 31.89 31.69 31.49 31.29 31.09 30.89 30.7 30.5 30.31 30.12 29.93 29.75 29.56 29.38 29.2 29.02 28.85 28.67 28.5 28.33 28.17 28 27.84 27.68 27.53 27.37 27.22 27.07 26.93 26.79 26.65 26.51 26.37 26.24
41.55 41.33 41.1 40.87 40.64 40.41 40.18 39.95 39.72 39.49 39.26 39.03 38.8 38.57 38.34 38.11 37.89 37.66 37.43 37.21 36.98 36.76 36.53 36.31 36.09 35.87 35.64 35.42 35.21 34.99 34.77 34.55 34.33 34.12 33.9 33.69 33.48 33.26 33.05 32.84 32.63 32.42 32.22 32.01 31.8 31.6 31.4 31.2 31 30.8 30.6 30.4 30.21 30.02 29.83 29.64 29.45 29.27 29.09 28.91 28.73 28.56 28.38 28.21 28.05 27.88 27.72 27.56 27.4 27.25 27.1 26.95 26.8 26.66 26.52 26.38 26.25 26.11
41.58 41.35 41.11 40.88 40.65 40.41 40.18 39.95 39.71 39.48 39.25 39.01 38.78 38.55 38.32 38.09 37.86 37.63 37.4 37.17 36.94 36.71 36.49 36.26 36.04 35.81 35.59 35.37 35.15 34.93 34.71 34.49 34.27 34.05 33.84 33.62 33.4 33.19 32.98 32.76 32.55 32.34 32.13 31.92 31.72 31.51 31.3 31.1 30.9 30.7 30.5 30.3 30.1 29.91 29.72 29.53 29.34 29.16 28.97 28.79 28.61 28.44 28.26 28.09 27.92 27.76 27.59 27.43 27.28 27.12 26.97 26.82 26.68 26.53 26.39 26.25 26.12 25.99
41.6 41.36 41.13 40.89 40.66 40.42 40.18 39.94 39.71 39.47 39.23 39 38.76 38.53 38.29 38.06 37.83 37.59 37.36 37.13 36.9 36.67 36.44 36.22 35.99 35.76 35.54 35.31 35.09 34.87 34.64 34.42 34.2 33.98 33.76 33.55 33.33 33.11 32.9 32.68 32.47 32.26 32.04 31.83 31.62 31.42 31.21 31 30.8 30.6 30.39 30.2 30 29.8 29.61 29.42 29.23 29.04 28.85 28.67 28.49 28.31 28.14 27.97 27.8 27.63 27.47 27.31 27.15 26.99 26.84 26.69 26.55 26.4 26.26 26.12 25.99 25.86
41.62 41.38 41.14 40.9 40.66 40.42 40.18 39.94 39.7 39.46 39.22 38.98 38.74 38.5 38.27 38.03 37.79 37.56 37.32 37.09 36.86 36.63 36.4 36.17 35.94 35.71 35.48 35.26 35.03 34.8 34.58 34.36 34.13 33.91 33.69 33.47 33.25 33.03 32.82 32.6 32.38 32.17 31.96 31.74 31.53 31.32 31.11 30.9 30.7 30.49 30.29 30.09 29.89 29.69 29.49 29.3 29.11 28.92 28.73 28.55 28.37 28.19 28.01 27.84 27.67 27.5 27.34 27.18 27.02 26.86 26.71 26.56 26.41 26.27 26.13 25.99 25.86 25.72
41.65 41.4 41.16 40.91 40.67 40.43 40.18 39.94 39.69 39.45 39.2 38.96 38.72 38.48 38.24 38 37.76 37.52 37.29 37.05 36.82 36.58 36.35 36.12 35.88 35.65 35.42 35.2 34.97 34.74 34.51 34.29 34.06 33.84 33.62 33.4 33.17 32.95 32.73 32.52 32.3 32.08 31.86 31.65 31.44 31.22 31.01 30.8 30.59 30.39 30.18 29.98 29.78 29.58 29.38 29.18 28.99 28.8 28.61 28.43 28.24 28.06 27.89 27.71 27.54 27.37 27.21 27.04 26.88 26.73 26.57 26.42 26.28 26.13 25.99 25.86 25.72 25.59
41.67 41.42 41.17 40.93 40.68 40.43 40.18 39.93 39.68 39.44 39.19 38.94 38.7 38.45 38.21 37.97 37.73 37.49 37.25 37.01 36.77 36.53 36.3 36.06 35.83 35.6 35.37 35.14 34.91 34.68 34.45 34.22 33.99 33.77 33.54 33.32 33.09 32.87 32.65 32.43 32.21 31.99 31.77 31.56 31.34 31.13 30.91 30.7 30.49 30.28 30.07 29.87 29.66 29.46 29.26 29.06 28.87 28.68 28.49 28.3 28.12 27.93 27.76 27.58 27.41 27.24 27.07 26.91 26.75 26.59 26.44 26.29 26.14 26 25.86 25.72 25.58 25.45
41.69 41.44 41.19 40.94 40.68 40.43 40.18 39.92 39.67 39.42 39.17 38.92 38.67 38.43 38.18 37.94 37.69 37.45 37.21 36.97 36.73 36.49 36.25 36.01 35.78 35.54 35.31 35.07 34.84 34.61 34.38 34.15 33.92 33.69 33.47 33.24 33.01 32.79 32.57 32.34 32.12 31.9 31.68 31.46 31.24 31.02 30.81 30.59 30.38 30.17 29.96 29.75 29.55 29.34 29.14 28.94 28.74 28.55 28.36 28.17 27.98 27.8 27.62 27.44 27.27 27.1 26.93 26.77 26.61 26.45 26.3 26.15 26 25.86 25.72 25.58 25.44 25.31
41.72 41.46 41.2 40.95 40.69 40.43 40.17 39.92 39.66 39.41 39.15 38.9 38.65 38.4 38.15 37.9 37.66 37.41 37.16 36.92 36.68 36.44 36.2 35.96 35.72 35.48 35.24 35.01 34.77 34.54 34.31 34.08 33.85 33.62 33.39 33.16 32.93 32.7 32.48 32.25 32.03 31.81 31.58 31.36 31.14 30.92 30.7 30.49 30.27 30.06 29.85 29.64 29.43 29.22 29.02 28.82 28.62 28.42 28.23 28.04 27.85 27.67 27.49 27.31 27.13 26.96 26.79 26.63 26.47 26.31 26.16 26.01 25.86 25.71 25.57 25.44 25.3 25.17
41.74 41.48 41.22 40.96 40.69 40.43 40.17 39.91 39.65 39.39 39.14 38.88 38.63 38.37 38.12 37.87 37.62 37.37 37.12 36.88 36.63 36.39 36.14 35.9 35.66 35.42 35.18 34.94 34.71 34.47 34.24 34 33.77 33.54 33.31 33.08 32.85 32.62 32.39 32.16 31.94 31.71 31.48 31.26 31.04 30.82 30.6 30.38 30.16 29.94 29.73 29.52 29.31 29.1 28.89 28.69 28.49 28.29 28.09 27.9 27.71 27.53 27.35 27.17 26.99 26.82 26.65 26.49 26.32 26.17 26.01 25.86 25.71 25.57 25.43 25.29 25.16 25.03
41.77 41.5 41.23 40.97 40.7 40.43 40.17 39.9 39.64 39.38 39.12 38.86 38.6 38.34 38.09 37.83 37.58 37.33 37.08 36.83 36.58 36.33 36.09 35.84 35.6 35.36 35.12 34.88 34.64 34.4 34.16 33.93 33.69 33.46 33.22 32.99 32.76 32.53 32.3 32.07 31.84 31.61 31.38 31.16 30.93 30.71 30.49 30.27 30.04 29.83 29.61 29.39 29.18 28.97 28.76 28.56 28.35 28.15 27.96 27.76 27.57 27.39 27.2 27.02 26.85 26.67 26.5 26.34 26.18 26.02 25.86 25.71 25.57 25.42 25.28 25.14 25.01 24.88
41.8 41.52 41.25 40.98 40.71 40.43 40.16 39.89 39.63 39.36 39.1 38.83 38.57 38.31 38.05 37.79 37.54 37.28 37.03 36.78 36.53 36.28 36.03 35.78 35.54 35.29 35.05 34.81 34.57 34.33 34.09 33.85 33.61 33.37 33.14 32.9 32.67 32.44 32.2 31.97 31.74 31.51 31.28 31.05 30.83 30.6 30.37 30.15 29.93 29.71 29.49 29.27 29.05 28.84 28.63 28.42 28.22 28.02 27.82 27.62 27.43 27.24 27.06 26.88 26.7 26.52 26.35 26.19 26.03 25.87 25.71 25.56 25.41 25.27 25.13 24.99 24.86 24.73
41.82 41.54 41.27 40.99 40.71 40.43 40.16 39.89 39.61 39.34 39.07 38.81 38.54 38.28 38.02 37.76 37.5 37.24 36.98 36.73 36.48 36.22 35.97 35.72 35.48 35.23 34.98 34.74 34.49 34.25 34.01 33.77 33.53 33.29 33.05 32.82 32.58 32.34 32.11 31.88 31.64 31.41 31.18 30.95 30.72 30.49 30.26 30.03 29.81 29.58 29.36 29.14 28.92 28.71 28.5 28.29 28.08 27.87 27.67 27.48 27.28 27.09 26.91 26.72 26.55 26.37 26.2 26.03 25.87 25.71 25.56 25.41 25.26 25.12 24.98 24.84 24.71 24.58
41.85 41.57 41.28 41 40.71 40.43 40.15 39.87 39.6 39.32 39.05 38.78 38.51 38.25 37.98 37.72 37.46 37.19 36.94 36.68 36.42 36.17 35.91 35.66 35.41 35.16 34.91 34.66 34.42 34.17 33.93 33.69 33.44 33.2 32.96 32.73 32.49 32.25 32.01 31.78 31.54 31.31 31.07 30.84 30.61 30.37 30.14 29.91 29.69 29.46 29.23 29.01 28.79 28.57 28.36 28.15 27.94 27.73 27.53 27.33 27.13 26.94 26.75 26.57 26.39 26.22 26.04 25.88 25.71 25.56 25.4 25.25 25.1 24.96 24.82 24.69 24.56 24.43
41.88 41.59 41.3 41.01 40.72 40.43 40.15 39.86 39.58 39.3 39.03 38.75 38.48 38.21 37.94 37.68 37.41 37.15 36.89 36.63 36.37 36.11 35.85 35.6 35.34 35.09 34.84 34.59 34.34 34.09 33.85 33.6 33.36 33.12 32.87 32.63 32.39 32.15 31.91 31.68 31.44 31.2 30.96 30.73 30.49 30.26 30.02 29.79 29.56 29.33 29.1 28.88 28.65 28.43 28.22 28 27.79 27.58 27.38 27.18 26.98 26.79 26.6 26.41 26.23 26.06 25.88 25.72 25.55 25.4 25.24 25.09 24.94 24.8 24.66 24.53 24.4 24.27
41.91 41.61 41.31 41.02 40.72 40.43 40.14 39.85 39.57 39.28 39 38.73 38.45 38.18 37.91 37.64 37.37 37.1 36.84 36.57 36.31 36.05 35.79 35.53 35.27 35.02 34.77 34.51 34.26 34.01 33.76 33.52 33.27 33.02 32.78 32.54 32.29 32.05 31.81 31.57 31.33 31.09 30.85 30.61 30.38 30.14 29.9 29.67 29.43 29.2 28.97 28.74 28.51 28.29 28.07 27.85 27.64 27.43 27.22 27.02 26.82 26.63 26.44 26.25 26.07 25.89 25.72 25.55 25.39 25.23 25.08 24.93 24.78 24.64 24.5 24.37 24.24 24.11
41.94 41.63 41.33 41.02 40.72 40.43 40.13 39.84 39.55 39.26 38.98 38.7 38.42 38.14 37.87 37.59 37.32 37.05 36.78 36.52 36.25 35.99 35.72 35.46 35.2 34.95 34.69 34.43 34.18 33.93 33.68 33.43 33.18 32.93 32.68 32.44 32.2 31.95 31.71 31.47 31.22 30.98 30.74 30.5 30.26 30.02 29.78 29.54 29.3 29.07 28.83 28.6 28.37 28.14 27.92 27.7 27.48 27.27 27.06 26.86 26.66 26.46 26.27 26.08 25.9 25.72 25.55 25.38 25.22 25.06 24.91 24.76 24.62 24.47 24.34 24.21 24.08 23.95
41.97 41.65 41.34 41.03 40.73 40.42 40.12 39.82 39.53 39.24 38.95 38.67 38.38 38.1 37.83 37.55 37.28 37 36.73 36.46 36.19 35.92 35.66 35.39 35.13 34.87 34.61 34.35 34.1 33.84 33.59 33.33 33.08 32.83 32.59 32.34 32.09 31.85 31.6 31.36 31.11 30.87 30.62 30.38 30.14 29.89 29.65 29.41 29.17 28.93 28.69 28.46 28.22 27.99 27.77 27.54 27.32 27.11 26.9 26.69 26.49 26.29 26.1 25.91 25.73 25.55 25.38 25.21 25.05 24.89 24.74 24.59 24.45 24.31 24.17 24.04 23.91 23.79
42 41.68 41.36 41.04 40.73 40.42 40.11 39.81 39.51 39.22 38.93 38.64 38.35 38.07 37.79 37.51 37.23 36.95 36.68 36.4 36.13 35.86 35.59 35.32 35.06 34.79 34.53 34.27 34.01 33.75 33.49 33.24 32.99 32.74 32.48 32.24 31.99 31.74 31.49 31.25 31 30.75 30.5 30.26 30.01 29.77 29.52 29.27 29.03 28.79 28.55 28.31 28.07 27.84 27.61 27.38 27.16 26.94 26.73 26.52 26.32 26.12 25.93 25.74 25.55 25.38 25.2 25.04 24.87 24.72 24.56 24.42 24.27 24.13 24 23.87 23.74 23.62
42.03 41.7 41.37 41.05 40.73 40.41 40.1 39.8 39.49 39.19 38.9 38.61 38.32 38.03 37.75 37.46 37.18 36.9 36.62 36.35 36.07 35.79 35.52 35.25 34.98 34.71 34.45 34.18 33.92 33.66 33.4 33.14 32.89 32.63 32.38 32.13 31.88 31.63 31.38 31.13 30.88 30.63 30.38 30.13 29.88 29.63 29.39 29.14 28.89 28.64 28.4 28.15 27.91 27.68 27.45 27.22 26.99 26.77 26.56 26.34 26.14 25.94 25.75 25.56 25.37 25.2 25.02 24.86 24.69 24.54 24.39 24.24 24.1 23.96 23.83 23.7 23.57 23.45
42.07 41.73 41.39 41.06 40.73 40.41 40.09 39.78 39.47 39.17 38.87 38.58 38.28 37.99 37.71 37.42 37.13 36.85 36.57 36.29 36.01 35.73 35.45 35.17 34.9 34.63 34.36 34.09 33.82 33.56 33.3 33.04 32.78 32.53 32.27 32.02 31.77 31.52 31.26 31.01 30.76 30.51 30.26 30.01 29.75 29.5 29.25 29 28.74 28.49 28.24 28 27.75 27.51 27.28 27.04 26.82 26.59 26.38 26.16 25.96 25.76 25.56 25.37 25.19 25.01 24.84 24.67 24.51 24.35 24.2 24.06 23.92 23.78 23.65 23.52 23.4 23.28
42.1 41.75 41.41 41.07 40.73 40.4 40.08 39.76 39.45 39.15 38.85 38.55 38.25 37.96 37.67 37.38 37.09 36.8 36.51 36.23 35.94 35.66 35.38 35.1 34.82 34.54 34.27 34 33.73 33.46 33.2 32.93 32.67 32.42 32.16 31.9 31.65 31.4 31.15 30.89 30.64 30.39 30.13 29.88 29.62 29.36 29.11 28.85 28.59 28.34 28.09 27.84 27.59 27.34 27.1 26.87 26.64 26.41 26.19 25.98 25.77 25.57 25.37 25.18 25 24.82 24.65 24.48 24.32 24.17 24.02 23.87 23.73 23.6 23.47 23.34 23.22 23.11
42.14 41.78 41.42 41.07 40.73 40.4 40.07 39.75 39.43 39.12 38.82 38.52 38.22 37.92 37.63 37.33 37.04 36.75 36.46 36.17 35.88 35.59 35.3 35.02 34.74 34.45 34.18 33.9 33.63 33.36 33.09 32.82 32.56 32.3 32.04 31.79 31.53 31.28 31.02 30.77 30.51 30.26 30 29.74 29.48 29.22 28.96 28.7 28.44 28.18 27.92 27.67 27.42 27.17 26.92 26.68 26.45 26.22 26 25.78 25.57 25.37 25.17 24.98 24.8 24.62 24.45 24.29 24.13 23.97 23.83 23.68 23.55 23.41 23.29 23.16 23.05 22.93
42.18 41.8 41.44 41.08 40.73 40.39 40.06 39.73 39.42 39.1 38.8 38.49 38.19 37.89 37.59 37.29 37 36.7 36.4 36.11 35.81 35.52 35.23 34.94 34.65 34.36 34.08 33.8 33.52 33.25 32.98 32.71 32.44 32.18 31.92 31.66 31.41 31.15 30.9 30.64 30.38 30.13 29.87 29.61 29.34 29.08 28.81 28.55 28.28 28.02 27.75 27.49 27.24 26.98 26.74 26.49 26.26 26.03 25.8 25.58 25.37 25.17 24.97 24.78 24.6 24.42 24.25 24.09 23.93 23.78 23.63 23.49 23.36 23.23 23.1 22.98 22.86 22.75
42.22 41.83 41.46 41.09 40.73 40.38 40.05 39.72 39.4 39.08 38.77 38.47 38.16 37.86 37.56 37.26 36.95 36.65 36.35 36.05 35.75 35.45 35.15 34.85 34.56 34.27 33.98 33.69 33.41 33.13 32.86 32.59 32.32 32.06 31.79 31.53 31.28 31.02 30.77 30.51 30.25 29.99 29.73 29.47 29.2 28.93 28.66 28.39 28.12 27.85 27.58 27.31 27.05 26.79 26.54 26.3 26.06 25.82 25.6 25.38 25.17 24.96 24.76 24.57 24.39 24.22 24.05 23.88 23.73 23.58 23.43 23.3 23.16 23.03 22.91 22.79 22.68 22.57
42.26 41.86 41.47 41.09 40.73 40.38 40.04 39.71 39.38 39.07 38.75 38.45 38.14 37.83 37.53 37.22 36.91 36.61 36.3 35.99 35.68 35.38 35.07 34.77 34.46 34.17 33.87 33.58 33.29 33.01 32.73 32.46 32.19 31.92 31.66 31.4 31.14 30.89 30.63 30.37 30.11 29.85 29.59 29.32 29.05 28.78 28.5 28.23 27.95 27.67 27.4 27.13 26.86 26.6 26.34 26.09 25.85 25.61 25.38 25.16 24.95 24.75 24.55 24.36 24.18 24 23.84 23.68 23.52 23.37 23.23 23.1 22.97 22.84 22.72 22.6 22.49 22.39
42.31 41.89 41.49 41.1 40.73 40.37 40.03 39.7 39.37 39.05 38.74 38.43 38.12 37.81 37.5 37.19 36.88 36.56 36.25 35.93 35.62 35.3 34.99 34.68 34.37 34.06 33.76 33.46 33.17 32.88 32.6 32.32 32.05 31.78 31.52 31.26 31 30.74 30.49 30.23 29.97 29.71 29.44 29.17 28.9 28.62 28.34 28.06 27.77 27.49 27.21 26.93 26.66 26.39 26.13 25.88 25.63 25.39 25.16 24.94 24.73 24.52 24.33 24.14 23.96 23.79 23.62 23.46 23.31 23.16 23.02 22.89 22.76 22.64 22.52 22.41 22.3 22.2
42.36 41.92 41.51 41.11 40.73 40.37 40.02 39.69 39.37 39.05 38.74 38.42 38.11 37.8 37.48 37.17 36.85 36.52 36.2 35.88 35.55 35.23 34.9 34.58 34.27 33.95 33.64 33.34 33.04 32.75 32.46 32.18 31.9 31.63 31.37 31.11 30.85 30.59 30.34 30.08 29.82 29.56 29.3 29.02 28.75 28.46 28.17 27.88 27.59 27.3 27.01 26.73 26.45 26.18 25.91 25.65 25.4 25.16 24.93 24.71 24.5 24.29 24.1 23.91 23.73 23.56 23.4 23.24 23.09 22.95 22.81 22.68 22.56 22.44 22.33 22.22 22.11 22.01
42.41 41.96 41.52 41.12 40.73 40.37 40.02 39.69 39.37 39.05 38.74 38.43 38.11 37.79 37.47 37.15 36.82 36.49 36.15 35.82 35.48 35.15 34.82 34.49 34.16 33.84 33.52 33.21 32.9 32.6 32.31 32.03 31.75 31.48 31.21 30.95 30.69 30.44 30.18 29.93 29.67 29.41 29.14 28.87 28.58 28.3 28 27.7 27.4 27.1 26.81 26.51 26.23 25.95 25.68 25.42 25.16 24.92 24.69 24.47 24.26 24.05 23.86 23.67 23.5 23.33 23.17 23.02 22.87 22.73 22.6 22.47 22.35 22.24 22.13 22.02 21.92 21.82
42.47 41.99 41.54 41.12 40.73 40.37 40.02 39.7 39.38 39.06 38.75 38.44 38.12 37.8 37.47 37.14 36.8 36.46 36.11 35.77 35.42 35.07 34.73 34.39 34.05 33.72 33.39 33.07 32.76 32.45 32.15 31.86 31.58 31.31 31.04 30.78 30.52 30.27 30.02 29.77 29.51 29.25 28.98 28.71 28.42 28.12 27.82 27.51 27.2 26.9 26.59 26.29 26 25.71 25.44 25.17 24.92 24.67 24.44 24.22 24.01 23.81 23.61 23.43 23.26 23.09 22.94 22.79 22.65 22.51 22.38 22.26 22.14 22.03 21.92 21.82 21.72 21.63
