data/beijing.asc
ncols         209
nrows         162
xllcorner     115.41381
yllcorner     39.441978
cellsize      0.01
NODATA_value  -9999
[rows 102 to 135 of 162, columns 0 to 77 of 209]
-9999 -9999 -9999 -9999 47.69 47.69 47.68 47.68 47.67 47.67 47.66 47.66 47.65 47.65 47.64 47.63 47.63 47.62 47.61 47.61 47.6 47.59 47.58 47.57 47.56 47.55 47.54 47.53 47.52 47.51 47.5 47.48 47.47 47.45 47.44 47.42 47.4 47.38 47.36 47.34 47.31 47.28 47.26 47.22 47.19 47.15 47.11 47.07 47.02 46.97 46.91 46.85 46.78 46.71 46.62 46.53 46.42 46.31 46.18 46.04 45.88 45.7 45.5 45.28 45.03 44.75 44.43 44.09 43.7 43.26 42.78 42.24 41.65 41 40.29 39.51 38.67 37.78
-9999 -9999 -9999 47.6 47.59 47.59 47.58 47.57 47.56 47.56 47.55 47.54 47.53 47.53 47.52 47.51 47.5 47.49 47.48 47.47 47.46 47.45 47.43 47.42 47.41 47.4 47.38 47.37 47.35 47.33 47.32 47.3 47.28 47.26 47.23 47.21 47.19 47.16 47.13 47.1 47.07 47.03 46.99 46.95 46.91 46.86 46.81 46.76 46.69 46.63 46.56 46.48 46.39 46.3 46.19 46.08 45.96 45.82 45.67 45.5 45.31 45.1 44.87 44.62 44.34 44.02 43.67 43.29 42.86 42.39 41.86 41.29 40.66 39.97 39.22 38.4 37.52 36.59
-9999 -9999 47.5 47.5 47.49 47.48 47.47 47.46 47.45 47.44 47.43 47.42 47.41 47.4 47.39 47.38 47.37 47.36 47.34 47.33 47.31 47.3 47.28 47.27 47.25 47.23 47.22 47.2 47.18 47.16 47.13 47.11 47.08 47.06 47.03 47 46.97 46.93 46.9 46.86 46.82 46.78 46.73 46.68 46.62 46.57 46.5 46.44 46.36 46.28 46.2 46.1 46 45.89 45.77 45.64 45.49 45.33 45.16 44.96 44.75 44.52 44.26 43.98 43.66 43.32 42.94 42.52 42.06 41.55 41 40.39 39.72 39 38.21 37.37 36.46 35.48
-9999 -9999 47.4 47.39 47.38 47.37 47.36 47.35 47.34 47.33 47.32 47.3 47.29 47.28 47.26 47.25 47.23 47.22 47.2 47.19 47.17 47.15 47.13 47.11 47.09 47.07 47.05 47.02 47 46.97 46.95 46.92 46.89 46.86 46.82 46.79 46.75 46.71 46.66 46.62 46.57 46.52 46.46 46.4 46.34 46.27 46.19 46.12 46.03 45.94 45.84 45.73 45.61 45.48 45.34 45.19 45.03 44.85 44.65 44.44 44.2 43.94 43.66 43.35 43.01 42.64 42.23 41.79 41.3 40.76 40.18 39.54 38.85 38.1 37.29 36.42 35.48 34.48
-9999 -9999 47.3 47.28 47.27 47.26 47.25 47.24 47.22 47.21 47.19 47.18 47.17 47.15 47.13 47.12 47.1 47.08 47.06 47.04 47.02 47 46.98 46.95 46.93 46.91 46.88 46.85 46.82 46.79 46.76 46.72 46.69 46.65 46.61 46.57 46.52 46.48 46.43 46.37 46.32 46.26 46.19 46.12 46.05 45.97 45.88 45.79 45.7 45.59 45.48 45.35 45.22 45.08 44.92 44.76 44.57 44.37 44.16 43.92 43.67 43.39 43.08 42.75 42.39 41.99 41.56 41.09 40.58 40.02 39.41 38.76 38.04 37.28 36.45 35.56 34.61 33.59
-9999 -9999 47.19 47.18 47.16 47.15 47.14 47.12 47.1 47.09 47.07 47.06 47.04 47.02 47 46.98 46.96 46.94 46.92 46.9 46.87 46.85 46.82 46.79 46.77 46.74 46.71 46.67 46.64 46.61 46.57 46.53 46.49 46.44 46.4 46.35 46.3 46.24 46.19 46.13 46.06 45.99 45.92 45.84 45.76 45.67 45.57 45.47 45.36 45.25 45.12 44.98 44.84 44.68 44.51 44.32 44.13 43.91 43.68 43.42 43.15 42.85 42.52 42.17 41.79 41.37 40.92 40.43 39.9 39.32 38.7 38.03 37.31 36.53 35.69 34.8 33.84 32.82
-9999 47.1 47.08 47.07 47.05 47.04 47.02 47 46.99 46.97 46.95 46.93 46.91 46.89 46.87 46.85 46.82 46.8 46.77 46.75 46.72 46.69 46.66 46.63 46.6 46.57 46.53 46.5 46.46 46.42 46.38 46.33 46.28 46.24 46.18 46.13 46.07 46.01 45.95 45.88 45.81 45.73 45.65 45.56 45.47 45.37 45.27 45.15 45.03 44.9 44.76 44.62 44.46 44.29 44.1 43.9 43.69 43.46 43.21 42.94 42.64 42.33 41.99 41.62 41.22 40.78 40.32 39.81 39.27 38.68 38.05 37.37 36.64 35.86 35.02 34.13 33.18 32.18
47.01 46.99 46.97 46.96 46.94 46.92 46.9 46.88 46.87 46.84 46.82 46.8 46.78 46.76 46.73 46.71 46.68 46.65 46.63 46.6 46.57 46.54 46.5 46.47 46.43 46.4 46.36 46.32 46.27 46.23 46.18 46.13 46.08 46.03 45.97 45.91 45.84 45.78 45.71 45.63 45.55 45.47 45.38 45.28 45.18 45.07 44.96 44.83 44.7 44.56 44.41 44.25 44.08 43.9 43.7 43.49 43.26 43.01 42.75 42.47 42.16 41.83 41.47 41.09 40.67 40.23 39.75 39.23 38.68 38.08 37.45 36.76 36.04 35.26 34.43 33.56 32.63 31.66
46.9 46.88 46.86 46.85 46.83 46.81 46.79 46.76 46.74 46.72 46.7 46.67 46.65 46.62 46.6 46.57 46.54 46.51 46.48 46.45 46.41 46.38 46.34 46.3 46.26 46.22 46.18 46.14 46.09 46.04 45.99 45.93 45.88 45.82 45.75 45.69 45.62 45.54 45.46 45.38 45.3 45.2 45.11 45 44.89 44.78 44.65 44.52 44.38 44.23 44.07 43.9 43.72 43.52 43.31 43.09 42.84 42.59 42.31 42.01 41.69 41.35 40.98 40.59 40.16 39.71 39.22 38.7 38.14 37.54 36.9 36.22 35.5 34.73 33.92 33.07 32.17 31.24
-9999 -9999 -9999 -9999 46.71 46.69 46.67 46.64 46.62 46.6 46.57 46.54 46.52 46.49 46.46 46.43 46.4 46.36 46.33 46.29 46.26 46.22 46.18 46.14 46.09 46.05 46 45.95 45.9 45.85 45.79 45.73 45.67 45.6 45.54 45.46 45.39 45.31 45.22 45.14 45.04 44.94 44.84 44.73 44.61 44.48 44.35 44.21 44.06 43.9 43.73 43.55 43.36 43.15 42.93 42.69 42.44 42.17 41.88 41.58 41.25 40.89 40.52 40.11 39.68 39.22 38.73 38.2 37.64 37.04 36.41 35.74 35.02 34.27 33.49 32.66 31.8 30.9
-9999 -9999 -9999 -9999 -9999 -9999 46.55 46.52 46.5 46.47 46.44 46.41 46.38 46.35 46.32 46.29 46.25 46.22 46.18 46.14 46.1 46.06 46.02 45.97 45.92 45.87 45.82 45.77 45.71 45.66 45.59 45.53 45.46 45.39 45.32 45.24 45.16 45.07 44.98 44.89 44.79 44.68 44.57 44.45 44.33 44.19 44.05 43.9 43.74 43.58 43.4 43.21 43 42.79 42.56 42.31 42.05 41.77 41.48 41.16 40.82 40.46 40.08 39.67 39.23 38.76 38.27 37.74 37.18 36.59 35.97 35.3 34.61 33.88 33.11 32.32 31.5 30.65
-9999 -9999 -9999 -9999 -9999 -9999 -9999 46.4 46.37 46.34 46.31 46.28 46.25 46.21 46.18 46.14 46.11 46.07 46.03 45.99 45.94 45.9 45.85 45.8 45.75 45.7 45.64 45.59 45.53 45.46 45.4 45.33 45.26 45.18 45.1 45.02 44.93 44.84 44.74 44.64 44.54 44.42 44.3 44.18 44.05 43.91 43.76 43.6 43.43 43.26 43.07 42.87 42.66 42.44 42.2 41.95 41.68 41.39 41.08 40.76 40.42 40.05 39.66 39.25 38.81 38.34 37.84 37.32 36.77 36.18 35.57 34.92 34.24 33.54 32.8 32.04 31.26 30.46
-9999 -9999 -9999 -9999 -9999 -9999 -9999 -9999 -9999 46.21 46.18 46.15 46.11 46.08 46.04 46 45.96 45.92 45.88 45.83 45.78 45.74 45.69 45.63 45.58 45.52 45.46 45.4 45.34 45.27 45.2 45.13 45.05 44.97 44.89 44.8 44.71 44.61 44.51 44.4 44.29 44.17 44.04 43.91 43.77 43.62 43.47 43.3 43.13 42.95 42.75 42.55 42.33 42.1 41.85 41.59 41.31 41.02 40.71 40.38 40.03 39.66 39.27 38.85 38.41 37.95 37.45 36.94 36.39 35.82 35.22 34.59 33.93 33.25 32.54 31.81 31.07 30.31
-9999 -9999 -9999 -9999 -9999 -9999 -9999 -9999 -9999 -9999 46.05 46.01 45.97 45.94 45.9 45.85 45.81 45.77 45.72 45.67 45.62 45.57 45.52 45.46 45.41 45.35 45.28 45.22 45.15 45.08 45.01 44.93 44.85 44.76 44.67 44.58 44.48 44.38 44.27 44.16 44.04 43.92 43.78 43.65 43.5 43.35 43.19 43.01 42.83 42.64 42.44 42.23 42 41.77 41.51 41.25 40.97 40.67 40.35 40.02 39.67 39.29 38.9 38.48 38.04 37.58 37.1 36.58 36.05 35.49 34.9 34.29 33.66 33 32.33 31.63 30.93 30.22
-9999 -9999 -9999 -9999 -9999 -9999 -9999 -9999 -9999 -9999 45.91 45.88 45.84 45.8 45.75 45.71 45.66 45.62 45.57 45.52 45.47 45.41 45.35 45.3 45.23 45.17 45.1 45.04 44.96 44.89 44.81 44.73 44.64 44.55 44.46 44.36 44.26 44.15 44.04 43.92 43.8 43.67 43.53 43.39 43.23 43.07 42.91 42.73 42.54 42.35 42.14 41.92 41.69 41.45 41.19 40.92 40.63 40.33 40.01 39.68 39.32 38.95 38.55 38.14 37.7 37.25 36.77 36.26 35.74 35.19 34.62 34.03 33.42 32.79 32.15 31.49 30.83 30.16
-9999 -9999 -9999 -9999 -9999 -9999 -9999 -9999 -9999 -9999 45.78 45.74 45.7 45.66 45.61 45.56 45.52 45.47 45.41 45.36 45.31 45.25 45.19 45.13 45.06 44.99 44.92 44.85 44.78 44.7 44.61 44.53 44.44 44.35 44.25 44.14 44.04 43.93 43.81 43.68 43.56 43.42 43.28 43.13 42.97 42.81 42.63 42.45 42.26 42.06 41.85 41.62 41.39 41.14 40.88 40.6 40.31 40.01 39.69 39.35 39 38.62 38.23 37.82 37.39 36.94 36.47 35.97 35.46 34.93 34.38 33.81 33.22 32.62 32.01 31.38 30.75 30.12
-9999 -9999 -9999 -9999 -9999 -9999 -9999 -9999 -9999 -9999 -9999 45.6 45.56 45.51 45.47 45.42 45.37 45.32 45.26 45.2 45.15 45.09 45.02 44.96 44.89 44.82 44.75 44.67 44.59 44.51 44.42 44.33 44.24 44.14 44.04 43.93 43.82 43.7 43.58 43.45 43.32 43.18 43.03 42.88 42.72 42.55 42.37 42.18 41.98 41.78 41.56 41.33 41.09 40.84 40.58 40.3 40.01 39.7 39.38 39.04 38.69 38.32 37.93 37.52 37.1 36.65 36.19 35.71 35.21 34.69 34.16 33.61 33.05 32.48 31.89 31.3 30.71 30.11
-9999 -9999 -9999 -9999 -9999 -9999 -9999 -9999 -9999 -9999 45.51 45.47 45.42 45.37 45.32 45.27 45.22 45.16 45.11 45.05 44.99 44.92 44.86 44.79 44.72 44.64 44.57 44.49 44.4 44.32 44.23 44.13 44.04 43.93 43.83 43.72 43.6 43.48 43.35 43.22 43.08 42.94 42.79 42.63 42.46 42.29 42.11 41.92 41.72 41.51 41.29 41.05 40.81 40.56 40.29 40.01 39.72 39.41 39.09 38.75 38.4 38.03 37.64 37.24 36.82 36.39 35.94 35.47 34.98 34.48 33.97 33.44 32.9 32.36 31.8 31.24 30.68 30.12
-9999 -9999 -9999 -9999 -9999 -9999 -9999 -9999 -9999 -9999 45.38 45.33 45.28 45.23 45.18 45.13 45.07 45.01 44.95 44.89 44.83 44.76 44.69 44.62 44.55 44.47 44.39 44.31 44.22 44.13 44.04 43.94 43.84 43.73 43.62 43.51 43.39 43.26 43.13 43 42.85 42.71 42.55 42.39 42.22 42.04 41.85 41.66 41.46 41.24 41.02 40.78 40.54 40.28 40.01 39.73 39.44 39.13 38.81 38.48 38.12 37.76 37.38 36.98 36.57 36.15 35.71 35.25 34.78 34.3 33.8 33.29 32.78 32.26 31.73 31.2 30.67 30.15
-9999 -9999 -9999 -9999 -9999 -9999 -9999 -9999 -9999 -9999 45.24 45.19 45.14 45.09 45.04 44.98 44.92 44.86 44.8 44.73 44.67 44.6 44.53 44.45 44.37 44.29 44.21 44.13 44.04 43.94 43.85 43.75 43.64 43.53 43.42 43.3 43.18 43.05 42.91 42.77 42.63 42.48 42.32 42.15 41.98 41.8 41.61 41.41 41.2 40.99 40.76 40.52 40.28 40.02 39.75 39.47 39.17 38.87 38.55 38.21 37.87 37.51 37.13 36.74 36.34 35.92 35.49 35.05 34.6 34.13 33.65 33.17 32.67 32.18 31.67 31.17 30.68 30.18
-9999 -9999 -9999 -9999 -9999 -9999 -9999 -9999 -9999 -9999 -9999 45.06 45 44.95 44.89 44.83 44.77 44.71 44.65 44.58 44.51 44.44 44.36 44.29 44.21 44.12 44.04 43.95 43.85 43.76 43.66 43.55 43.45 43.33 43.22 43.09 42.97 42.84 42.7 42.56 42.41 42.25 42.09 41.92 41.74 41.56 41.37 41.17 40.96 40.74 40.51 40.27 40.02 39.76 39.49 39.21 38.92 38.62 38.3 37.97 37.63 37.27 36.9 36.52 36.13 35.72 35.3 34.87 34.43 33.98 33.52 33.05 32.58 32.11 31.63 31.16 30.69 30.22
-9999 -9999 -9999 -9999 -9999 -9999 -9999 -9999 -9999 -9999 -9999 -9999 -9999 44.81 44.75 44.69 44.62 44.56 44.49 44.42 44.35 44.28 44.2 44.12 44.04 43.95 43.86 43.77 43.67 43.57 43.47 43.36 43.25 43.14 43.02 42.89 42.76 42.63 42.49 42.34 42.19 42.03 41.87 41.69 41.51 41.33 41.13 40.93 40.72 40.5 40.27 40.03 39.78 39.52 39.25 38.97 38.68 38.38 38.06 37.73 37.4 37.05 36.68 36.31 35.93 35.53 35.12 34.71 34.28 33.85 33.4 32.96 32.51 32.05 31.6 31.15 30.71 30.27
-9999 -9999 -9999 -9999 -9999 -9999 -9999 -9999 -9999 -9999 -9999 -9999 -9999 -9999 -9999 44.54 44.48 44.41 44.34 44.27 44.19 44.12 44.04 43.95 43.87 43.78 43.69 43.59 43.49 43.39 43.29 43.18 43.06 42.94 42.82 42.69 42.56 42.42 42.28 42.13 41.98 41.81 41.65 41.47 41.29 41.1 40.9 40.7 40.49 40.27 40.03 39.79 39.55 39.29 39.02 38.74 38.45 38.15 37.84 37.51 37.18 36.84 36.48 36.12 35.74 35.35 34.96 34.55 34.14 33.72 33.3 32.87 32.44 32.01 31.58 31.15 30.73 30.32
-9999 -9999 -9999 -9999 -9999 -9999 -9999 -9999 -9999 -9999 -9999 -9999 -9999 -9999 -9999 44.4 44.33 44.26 44.19 44.11 44.04 43.96 43.87 43.79 43.7 43.61 43.52 43.42 43.32 43.21 43.1 42.99 42.88 42.75 42.63 42.5 42.36 42.22 42.08 41.92 41.77 41.6 41.43 41.26 41.07 40.88 40.68 40.48 40.26 40.04 39.81 39.57 39.32 39.06 38.79 38.52 38.23 37.93 37.62 37.31 36.98 36.64 36.29 35.93 35.57 35.19 34.81 34.42 34.02 33.62 33.21 32.8 32.38 31.97 31.56 31.15 30.76 30.36
-9999 -9999 -9999 -9999 -9999 -9999 44.79 -9999 -9999 -9999 -9999 -9999 44.45 44.39 44.32 44.25 44.18 44.11 44.04 43.96 43.88 43.8 43.71 43.63 43.54 43.44 43.35 43.25 43.14 43.04 42.92 42.81 42.69 42.57 42.44 42.3 42.17 42.02 41.88 41.72 41.56 41.4 41.22 41.05 40.86 40.67 40.47 40.26 40.05 39.82 39.59 39.35 39.1 38.85 38.58 38.3 38.02 37.73 37.42 37.11 36.79 36.45 36.11 35.76 35.41 35.04 34.67 34.29 33.9 33.52 33.12 32.73 32.33 31.94 31.55 31.16 30.78 30.41
-9999 -9999 -9999 44.82 44.77 44.72 44.67 44.61 44.55 44.5 44.44 44.37 44.31 44.25 44.18 44.11 44.04 43.96 43.89 43.81 43.73 43.64 43.55 43.47 43.37 43.28 43.18 43.08 42.97 42.86 42.75 42.63 42.51 42.38 42.25 42.12 41.97 41.83 41.68 41.52 41.36 41.19 41.02 40.84 40.65 40.46 40.26 40.05 39.84 39.61 39.38 39.14 38.9 38.64 38.37 38.1 37.82 37.53 37.23 36.92 36.6 36.28 35.95 35.61 35.26 34.9 34.54 34.17 33.8 33.42 33.05 32.67 32.29 31.91 31.54 31.17 30.81 30.45
-9999 44.8 44.75 44.7 44.65 44.59 44.54 44.48 44.42 44.36 44.3 44.24 44.17 44.11 44.04 43.96 43.89 43.81 43.74 43.66 43.57 43.49 43.4 43.3 43.21 43.11 43.01 42.91 42.8 42.69 42.57 42.45 42.33 42.2 42.07 41.93 41.79 41.64 41.49 41.33 41.17 41 40.82 40.64 40.45 40.26 40.06 39.85 39.63 39.41 39.18 38.94 38.69 38.44 38.18 37.91 37.63 37.34 37.05 36.74 36.43 36.11 35.79 35.46 35.12 34.77 34.42 34.06 33.7 33.34 32.98 32.61 32.25 31.89 31.53 31.17 30.83 30.49
-9999 44.68 44.63 44.58 44.53 44.47 44.41 44.35 44.29 44.23 44.17 44.1 44.04 43.97 43.9 43.82 43.75 43.67 43.59 43.5 43.42 43.33 43.24 43.15 43.05 42.95 42.85 42.74 42.63 42.51 42.4 42.27 42.15 42.02 41.88 41.75 41.6 41.45 41.3 41.14 40.97 40.8 40.63 40.44 40.26 40.06 39.86 39.65 39.44 39.21 38.98 38.75 38.5 38.25 37.99 37.72 37.45 37.16 36.87 36.58 36.27 35.96 35.64 35.31 34.98 34.65 34.31 33.96 33.61 33.26 32.91 32.56 32.21 31.86 31.52 31.18 30.85 30.53
-9999 -9999 44.51 44.46 44.4 44.35 44.29 44.23 44.16 44.1 44.04 43.97 43.9 43.83 43.76 43.68 43.6 43.52 43.44 43.36 43.27 43.18 43.08 42.99 42.89 42.79 42.68 42.57 42.46 42.35 42.23 42.1 41.97 41.84 41.71 41.57 41.42 41.27 41.11 40.95 40.79 40.62 40.44 40.25 40.07 39.87 39.67 39.46 39.24 39.02 38.79 38.56 38.32 38.07 37.81 37.54 37.27 36.99 36.71 36.42 36.12 35.81 35.5 35.18 34.86 34.53 34.2 33.87 33.53 33.19 32.85 32.51 32.17 31.84 31.51 31.18 30.87 30.56
-9999 -9999 -9999 -9999 -9999 -9999 -9999 44.1 44.04 43.97 43.9 43.83 43.76 43.69 43.62 43.54 43.46 43.38 43.29 43.21 43.12 43.03 42.93 42.83 42.73 42.63 42.52 42.41 42.3 42.18 42.06 41.93 41.8 41.67 41.53 41.39 41.24 41.09 40.93 40.77 40.6 40.43 40.25 40.07 39.88 39.68 39.48 39.27 39.06 38.84 38.61 38.38 38.14 37.89 37.63 37.37 37.11 36.83 36.55 36.26 35.97 35.67 35.36 35.06 34.74 34.42 34.1 33.78 33.45 33.12 32.79 32.47 32.14 31.82 31.5 31.19 30.88 30.58
-9999 -9999 -9999 -9999 -9999 -9999 -9999 43.97 43.91 43.84 43.77 43.7 43.63 43.55 43.48 43.4 43.32 43.23 43.15 43.06 42.97 42.87 42.78 42.68 42.58 42.47 42.36 42.25 42.13 42.01 41.89 41.76 41.63 41.5 41.36 41.21 41.07 40.91 40.76 40.59 40.43 40.25 40.07 39.89 39.7 39.5 39.3 39.1 38.88 38.66 38.44 38.2 37.96 37.72 37.47 37.21 36.95 36.68 36.4 36.12 35.83 35.54 35.24 34.94 34.63 34.32 34.01 33.69 33.37 33.06 32.74 32.42 32.11 31.8 31.49 31.19 30.89 30.6
-9999 -9999 -9999 -9999 -9999 -9999 -9999 43.85 43.78 43.71 43.64 43.57 43.49 43.42 43.34 43.26 43.18 43.09 43 42.91 42.82 42.73 42.63 42.53 42.42 42.31 42.2 42.09 41.97 41.85 41.73 41.6 41.47 41.33 41.19 41.04 40.9 40.74 40.58 40.42 40.25 40.08 39.9 39.71 39.52 39.33 39.13 38.92 38.71 38.49 38.27 38.03 37.8 37.56 37.31 37.05 36.79 36.53 36.25 35.98 35.7 35.41 35.12 34.82 34.52 34.22 33.92 33.61 33.3 32.99 32.69 32.38 32.07 31.77 31.48 31.18 30.9 30.62
-9999 -9999 -9999 -9999 -9999 -9999 -9999 43.72 43.65 43.58 43.51 43.44 43.36 43.28 43.2 43.12 43.04 42.95 42.86 42.77 42.67 42.58 42.48 42.38 42.27 42.16 42.05 41.93 41.81 41.69 41.57 41.44 41.3 41.17 41.02 40.88 40.73 40.57 40.41 40.25 40.08 39.91 39.73 39.54 39.35 39.16 38.96 38.75 38.54 38.32 38.1 37.87 37.64 37.4 37.15 36.9 36.64 36.38 36.12 35.84 35.57 35.29 35 34.71 34.42 34.13 33.83 33.53 33.23 32.93 32.63 32.34 32.04 31.75 31.46 31.18 30.9 30.63
-9999 -9999 -9999 -9999 -9999 -9999 -9999 43.59 43.53 43.45 43.38 43.31 43.23 43.15 43.07 42.98 42.9 42.81 42.72 42.63 42.53 42.43 42.33 42.23 42.12 42.01 41.9 41.78 41.66 41.53 41.41 41.28 41.14 41 40.86 40.71 40.56 40.41 40.25 40.08 39.91 39.74 39.56 39.38 39.19 38.99 38.79 38.59 38.38 38.16 37.94 37.71 37.48 37.25 37 36.76 36.5 36.25 35.98 35.72 35.44 35.17 34.89 34.61 34.32 34.04 33.75 33.46 33.17 32.87 32.58 32.3 32.01 31.72 31.44 31.17 30.9 30.63
