data/beijing.asc
ncols         209
nrows         162
xllcorner     115.41381
yllcorner     39.441978
cellsize      0.01
NODATA_value  -9999
[rows 68 to 101 of 162, columns 78 to 155 of 209]
42.53 42.03 41.56 41.13 40.74 40.38 40.04 39.72 39.4 39.09 38.78 38.47 38.15 37.82 37.48 37.14 36.79 36.43 36.08 35.72 35.35 34.99 34.64 34.28 33.93 33.59 33.25 32.92 32.6 32.28 31.98 31.68 31.4 31.12 30.85 30.59 30.34 30.09 29.85 29.6 29.35 29.09 28.82 28.54 28.25 27.95 27.64 27.32 27 26.68 26.36 26.05 25.75 25.46 25.18 24.91 24.65 24.41 24.18 23.96 23.75 23.55 23.36 23.18 23.01 22.85 22.7 22.55 22.41 22.28 22.16 22.04 21.93 21.82 21.72 21.62 21.52 21.44
42.6 42.07 41.58 41.14 40.75 40.39 40.06 39.75 39.45 39.14 38.83 38.52 38.19 37.85 37.51 37.15 36.79 36.42 36.04 35.67 35.29 34.91 34.54 34.17 33.81 33.45 33.1 32.76 32.43 32.11 31.79 31.49 31.2 30.92 30.66 30.4 30.14 29.9 29.66 29.42 29.17 28.92 28.65 28.37 28.08 27.76 27.44 27.11 26.77 26.44 26.11 25.8 25.49 25.19 24.91 24.64 24.38 24.14 23.91 23.69 23.48 23.28 23.1 22.92 22.76 22.6 22.45 22.31 22.18 22.05 21.93 21.82 21.71 21.61 21.51 21.41 21.33 21.24
42.68 42.11 41.6 41.15 40.77 40.42 40.11 39.81 39.52 39.22 38.91 38.59 38.26 37.91 37.55 37.17 36.79 36.4 36.01 35.62 35.22 34.83 34.44 34.05 33.68 33.3 32.94 32.59 32.24 31.91 31.59 31.29 30.99 30.71 30.44 30.18 29.93 29.69 29.46 29.22 28.99 28.74 28.48 28.2 27.9 27.57 27.23 26.89 26.54 26.19 25.85 25.52 25.21 24.91 24.62 24.35 24.09 23.85 23.62 23.4 23.2 23.01 22.83 22.66 22.5 22.35 22.2 22.07 21.94 21.82 21.7 21.59 21.49 21.39 21.3 21.21 21.12 21.04
42.77 42.15 41.62 41.17 40.79 40.47 40.18 39.91 39.62 39.33 39.02 38.69 38.35 37.98 37.6 37.21 36.81 36.4 35.99 35.57 35.16 34.74 34.33 33.93 33.53 33.15 32.77 32.4 32.05 31.71 31.38 31.06 30.76 30.47 30.2 29.94 29.7 29.46 29.24 29.01 28.79 28.55 28.3 28.02 27.71 27.37 27.02 26.65 26.28 25.92 25.57 25.23 24.91 24.6 24.31 24.04 23.79 23.55 23.32 23.11 22.91 22.73 22.55 22.39 22.23 22.08 21.95 21.82 21.7 21.58 21.47 21.37 21.27 21.17 21.09 21 20.92 20.85
42.88 42.2 41.64 41.19 40.85 40.56 40.3 40.05 39.78 39.49 39.17 38.83 38.47 38.08 37.68 37.26 36.84 36.4 35.96 35.52 35.09 34.65 34.22 33.8 33.38 32.98 32.59 32.2 31.84 31.48 31.14 30.82 30.51 30.22 29.94 29.68 29.44 29.21 28.99 28.78 28.57 28.36 28.11 27.84 27.52 27.16 26.78 26.39 26 25.62 25.26 24.91 24.58 24.28 23.99 23.72 23.47 23.23 23.01 22.8 22.61 22.43 22.26 22.11 21.96 21.82 21.69 21.56 21.45 21.34 21.23 21.14 21.04 20.96 20.87 20.79 20.72 20.65
43.01 42.26 41.66 41.23 40.93 40.7 40.48 40.25 39.99 39.7 39.37 39.01 38.62 38.21 37.78 37.33 36.87 36.41 35.94 35.48 35.01 34.55 34.1 33.66 33.22 32.8 32.39 31.99 31.61 31.24 30.89 30.55 30.23 29.93 29.65 29.39 29.15 28.92 28.71 28.52 28.33 28.14 27.92 27.65 27.31 26.93 26.52 26.1 25.69 25.29 24.92 24.56 24.24 23.93 23.64 23.38 23.13 22.9 22.69 22.49 22.3 22.13 21.97 21.82 21.68 21.55 21.42 21.31 21.2 21.09 21 20.9 20.82 20.74 20.66 20.58 20.51 20.45
43.2 42.32 41.68 41.31 41.09 40.93 40.76 40.55 40.29 39.98 39.63 39.23 38.81 38.36 37.89 37.41 36.92 36.42 35.92 35.43 34.93 34.45 33.97 33.5 33.05 32.6 32.17 31.76 31.36 30.98 30.61 30.26 29.93 29.62 29.34 29.07 28.82 28.6 28.4 28.22 28.05 27.89 27.7 27.45 27.1 26.67 26.21 25.76 25.33 24.92 24.54 24.19 23.86 23.55 23.27 23.01 22.77 22.55 22.35 22.16 21.98 21.82 21.67 21.52 21.39 21.27 21.15 21.05 20.94 20.85 20.76 20.67 20.59 20.52 20.44 20.38 20.31 20.25
43.5 42.41 41.72 41.46 41.38 41.3 41.17 40.96 40.68 40.34 39.94 39.5 39.03 38.54 38.03 37.5 36.97 36.43 35.9 35.37 34.85 34.33 33.83 33.34 32.86 32.39 31.94 31.51 31.09 30.69 30.31 29.95 29.61 29.29 28.99 28.71 28.46 28.23 28.03 27.86 27.71 27.58 27.46 27.25 26.85 26.35 25.85 25.37 24.92 24.51 24.12 23.77 23.45 23.15 22.88 22.63 22.4 22.19 22 21.82 21.65 21.5 21.36 21.23 21.1 20.99 20.88 20.78 20.69 20.6 20.52 20.44 20.36 20.29 20.23 20.17 20.11 20.05
44.05 42.58 41.8 41.84 41.92 41.9 41.75 41.51 41.17 40.77 40.32 39.82 39.29 38.74 38.17 37.6 37.02 36.45 35.87 35.31 34.75 34.21 33.67 33.16 32.65 32.17 31.69 31.24 30.8 30.39 29.99 29.61 29.26 28.92 28.61 28.32 28.06 27.82 27.61 27.43 27.28 27.17 27.09 27.04 26.5 25.93 25.4 24.91 24.46 24.04 23.67 23.32 23.01 22.72 22.47 22.23 22.01 21.82 21.63 21.47 21.32 21.17 21.04 20.92 20.81 20.7 20.61 20.52 20.43 20.35 20.27 20.2 20.14 20.07 20.01 19.96 19.9 19.85
45.18 43.45 42.55 42.79 42.86 42.77 42.55 42.21 41.78 41.29 40.75 40.17 39.57 38.95 38.33 37.7 37.07 36.45 35.84 35.23 34.64 34.07 33.5 32.96 32.43 31.92 31.43 30.95 30.5 30.06 29.65 29.25 28.88 28.53 28.2 27.89 27.61 27.35 27.13 26.93 26.76 26.62 26.49 26.29 25.87 25.34 24.83 24.36 23.92 23.52 23.16 22.83 22.54 22.27 22.03 21.81 21.61 21.43 21.26 21.11 20.97 20.84 20.72 20.62 20.51 20.42 20.33 20.25 20.17 20.1 20.03 19.97 19.91 19.85 19.8 19.75 19.7 19.65
47.04 45.7 44.82 44.49 44.25 43.94 43.54 43.04 42.48 41.87 41.22 40.55 39.87 39.17 38.48 37.79 37.11 36.44 35.78 35.14 34.52 33.91 33.31 32.74 32.19 31.65 31.14 30.64 30.17 29.71 29.28 28.87 28.47 28.1 27.75 27.43 27.12 26.84 26.59 26.36 26.15 25.95 25.74 25.47 25.09 24.64 24.18 23.74 23.33 22.95 22.62 22.31 22.04 21.79 21.57 21.37 21.19 21.03 20.88 20.75 20.62 20.51 20.4 20.31 20.22 20.13 20.05 19.98 19.91 19.85 19.79 19.73 19.68 19.63 19.59 19.54 19.5 19.46
49.31 48.21 47.27 46.55 45.94 45.33 44.68 43.98 43.25 42.49 41.72 40.94 40.16 39.39 38.63 37.87 37.14 36.42 35.71 35.03 34.37 33.73 33.1 32.5 31.93 31.37 30.83 30.32 29.82 29.35 28.89 28.46 28.05 27.65 27.28 26.93 26.6 26.29 26 25.73 25.47 25.22 24.95 24.64 24.27 23.87 23.45 23.05 22.68 22.34 22.03 21.76 21.51 21.29 21.1 20.92 20.77 20.62 20.49 20.38 20.27 20.17 20.08 19.99 19.92 19.84 19.78 19.72 19.66 19.6 19.55 19.5 19.46 19.41 19.37 19.34 19.3 19.27
51.77 50.75 49.71 48.7 47.74 46.81 45.89 44.96 44.04 43.12 42.22 41.32 40.44 39.58 38.75 37.93 37.13 36.36 35.62 34.89 34.2 33.52 32.87 32.24 31.64 31.06 30.5 29.97 29.45 28.96 28.48 28.03 27.6 27.18 26.79 26.41 26.05 25.71 25.38 25.07 24.77 24.46 24.14 23.81 23.44 23.06 22.69 22.33 21.99 21.69 21.42 21.18 20.97 20.78 20.61 20.47 20.33 20.21 20.1 20 19.91 19.83 19.75 19.68 19.62 19.56 19.5 19.45 19.4 19.36 19.31 19.27 19.23 19.2 19.16 19.13 19.1 19.07
54.3 53.3 52.09 50.81 49.52 48.27 47.07 45.92 44.8 43.72 42.67 41.66 40.69 39.74 38.83 37.95 37.1 36.28 35.49 34.73 33.99 33.29 32.61 31.96 31.33 30.73 30.15 29.59 29.06 28.55 28.06 27.58 27.13 26.69 26.27 25.87 25.48 25.11 24.74 24.39 24.04 23.69 23.34 22.97 22.61 22.24 21.89 21.57 21.27 21.01 20.78 20.58 20.41 20.26 20.12 20 19.89 19.8 19.71 19.63 19.56 19.49 19.43 19.38 19.32 19.28 19.23 19.19 19.15 19.11 19.08 19.05 19.01 18.99 18.96 18.93 18.91 18.89
56.87 55.81 54.37 52.76 51.15 49.61 48.15 46.78 45.47 44.24 43.07 41.94 40.87 39.85 38.87 37.92 37.02 36.15 35.32 34.52 33.76 33.03 32.32 31.65 31 30.37 29.78 29.2 28.65 28.12 27.61 27.12 26.65 26.19 25.74 25.32 24.9 24.49 24.09 23.7 23.31 22.92 22.53 22.14 21.76 21.41 21.08 20.79 20.53 20.32 20.13 19.98 19.84 19.73 19.63 19.54 19.46 19.39 19.32 19.26 19.21 19.16 19.11 19.07 19.03 19 18.96 18.93 18.9 18.87 18.85 18.82 18.8 18.78 18.76 18.74 18.72 18.7
59.47 58.24 56.41 54.44 52.52 50.72 49.04 47.48 46.02 44.65 43.36 42.14 40.98 39.88 38.84 37.84 36.89 35.98 35.11 34.28 33.49 32.73 32 31.3 30.64 30 29.38 28.79 28.22 27.68 27.15 26.64 26.15 25.67 25.21 24.75 24.31 23.87 23.44 23.01 22.58 22.15 21.73 21.31 20.92 20.56 20.25 19.99 19.78 19.62 19.48 19.37 19.28 19.21 19.14 19.08 19.03 18.98 18.94 18.9 18.87 18.83 18.8 18.77 18.75 18.72 18.7 18.68 18.66 18.64 18.62 18.6 18.59 18.57 18.56 18.54 18.53 18.52
62.09 60.34 57.96 55.65 53.5 51.5 49.66 47.96 46.38 44.91 43.53 42.23 41 39.84 38.74 37.7 36.7 35.76 34.86 34 33.18 32.4 31.65 30.93 30.25 29.59 28.96 28.36 27.78 27.22 26.68 26.16 25.65 25.15 24.67 24.19 23.72 23.26 22.8 22.33 21.87 21.4 20.94 20.49 20.08 19.71 19.41 19.19 19.03 18.92 18.84 18.78 18.73 18.69 18.66 18.63 18.61 18.59 18.57 18.55 18.53 18.51 18.5 18.48 18.47 18.46 18.44 18.43 18.42 18.41 18.4 18.39 18.38 18.37 18.36 18.35 18.35 18.34
63.51 61.22 58.64 56.23 53.98 51.91 49.98 48.2 46.54 45 43.55 42.19 40.91 39.7 38.56 37.48 36.45 35.48 34.55 33.67 32.83 32.03 31.26 30.53 29.84 29.17 28.53 27.91 27.32 26.75 26.2 25.66 25.14 24.63 24.13 23.64 23.15 22.66 22.17 21.68 21.18 20.68 20.18 19.69 19.24 18.86 18.57 18.39 18.29 18.24 18.21 18.21 18.2 18.2 18.21 18.21 18.21 18.21 18.21 18.21 18.21 18.21 18.2 18.2 18.2 18.2 18.19 18.19 18.19 18.19 18.18 18.18 18.18 18.18 18.17 18.17 18.17 18.17
61.78 60.41 58.32 56.11 53.96 51.91 49.98 48.18 46.49 44.9 43.42 42.02 40.71 39.46 38.29 37.18 36.13 35.13 34.19 33.29 32.43 31.62 30.84 30.1 29.39 28.72 28.07 27.44 26.85 26.27 25.71 25.16 24.63 24.11 23.6 23.09 22.59 22.08 21.57 21.06 20.54 20.01 19.47 18.94 18.43 18 17.72 17.6 17.58 17.6 17.63 17.67 17.71 17.74 17.78 17.8 17.83 17.85 17.87 17.88 17.9 17.91 17.92 17.93 17.94 17.95 17.95 17.96 17.97 17.97 17.98 17.98 17.98 17.99 17.99 17.99 18 18
60.07 59 57.35 55.45 53.48 51.54 49.67 47.9 46.21 44.63 43.13 41.72 40.38 39.12 37.93 36.8 35.74 34.73 33.77 32.86 31.99 31.17 30.38 29.64 28.92 28.24 27.59 26.96 26.36 25.77 25.21 24.66 24.12 23.6 23.08 22.56 22.05 21.53 21.01 20.48 19.94 19.39 18.82 18.25 17.68 17.16 16.87 16.86 16.93 17.02 17.11 17.19 17.26 17.32 17.38 17.43 17.47 17.51 17.55 17.58 17.6 17.63 17.65 17.67 17.69 17.71 17.72 17.74 17.75 17.76 17.77 17.78 17.79 17.8 17.81 17.82 17.83 17.84
58.37 57.43 56.06 54.42 52.65 50.86 49.09 47.38 45.74 44.17 42.68 41.27 39.94 38.68 37.48 36.35 35.27 34.25 33.29 32.37 31.5 30.68 29.89 29.14 28.43 27.75 27.09 26.46 25.86 25.28 24.71 24.16 23.62 23.09 22.57 22.05 21.53 21.01 20.49 19.95 19.41 18.85 18.28 17.68 17.07 16.44 16.1 16.27 16.42 16.55 16.66 16.77 16.86 16.95 17.02 17.09 17.14 17.2 17.25 17.29 17.33 17.36 17.4 17.43 17.45 17.48 17.5 17.52 17.54 17.56 17.58 17.6 17.61 17.63 17.64 17.65 17.67 17.68
56.69 55.81 54.61 53.17 51.59 49.94 48.29 46.66 45.07 43.55 42.09 40.7 39.38 38.13 36.94 35.81 34.74 33.72 32.76 31.84 30.97 30.15 29.37 28.62 27.91 27.23 26.58 25.95 25.35 24.77 24.21 23.66 23.12 22.6 22.08 21.56 21.05 20.53 20.01 19.48 18.94 18.39 17.83 17.27 16.7 16.18 15.91 15.94 16.06 16.19 16.31 16.42 16.52 16.62 16.7 16.78 16.85 16.91 16.97 17.02 17.07 17.12 17.16 17.2 17.23 17.26 17.29 17.32 17.35 17.37 17.4 17.42 17.44 17.46 17.48 17.49 17.51 17.53
55.02 54.18 53.09 51.8 50.36 48.85 47.31 45.77 44.26 42.79 41.37 40.02 38.72 37.48 36.31 35.19 34.13 33.12 32.17 31.26 30.4 29.58 28.81 28.07 27.36 26.69 26.05 25.43 24.83 24.26 23.71 23.17 22.64 22.12 21.61 21.1 20.59 20.08 19.57 19.06 18.54 18.02 17.49 16.98 16.49 16.09 15.85 15.8 15.84 15.93 16.03 16.14 16.24 16.33 16.42 16.51 16.58 16.65 16.72 16.78 16.84 16.89 16.94 16.98 17.02 17.06 17.1 17.13 17.16 17.19 17.22 17.25 17.27 17.3 17.32 17.34 17.36 17.38
53.36 52.55 51.53 50.34 49.03 47.63 46.19 44.74 43.31 41.9 40.54 39.22 37.96 36.75 35.6 34.5 33.46 32.47 31.53 30.63 29.78 28.98 28.21 27.49 26.79 26.13 25.5 24.89 24.31 23.75 23.21 22.68 22.16 21.65 21.15 20.65 20.16 19.67 19.18 18.69 18.19 17.71 17.23 16.77 16.36 16.03 15.81 15.71 15.71 15.75 15.83 15.92 16.01 16.1 16.18 16.27 16.35 16.42 16.49 16.56 16.62 16.68 16.73 16.78 16.83 16.87 16.91 16.95 16.99 17.02 17.06 17.09 17.12 17.14 17.17 17.2 17.22 17.24
51.73 50.93 49.96 48.85 47.62 46.32 44.97 43.61 42.25 40.91 39.6 38.33 37.11 35.94 34.82 33.75 32.73 31.76 30.84 29.96 29.13 28.34 27.59 26.88 26.2 25.56 24.94 24.35 23.78 23.24 22.71 22.19 21.69 21.2 20.71 20.24 19.76 19.29 18.82 18.36 17.9 17.45 17.01 16.61 16.25 15.97 15.77 15.65 15.61 15.63 15.67 15.74 15.82 15.9 15.98 16.06 16.14 16.22 16.29 16.36 16.42 16.48 16.54 16.6 16.65 16.7 16.74 16.79 16.83 16.86 16.9 16.94 16.97 17 17.03 17.06 17.08 17.11
50.11 49.32 48.38 47.32 46.17 44.95 43.68 42.4 41.11 39.83 38.58 37.37 36.19 35.06 33.97 32.93 31.94 31 30.1 29.25 28.44 27.67 26.95 26.26 25.6 24.97 24.37 23.8 23.25 22.73 22.21 21.72 21.23 20.76 20.3 19.84 19.39 18.94 18.5 18.06 17.64 17.23 16.84 16.48 16.17 15.91 15.72 15.6 15.54 15.54 15.56 15.61 15.67 15.74 15.82 15.89 15.97 16.04 16.11 16.18 16.25 16.31 16.37 16.43 16.48 16.53 16.58 16.63 16.67 16.72 16.75 16.79 16.83 16.86 16.89 16.93 16.95 16.98
48.52 47.72 46.8 45.79 44.69 43.54 42.34 41.12 39.9 38.69 37.5 36.33 35.21 34.12 33.07 32.07 31.11 30.2 29.33 28.5 27.72 26.98 26.28 25.61 24.98 24.37 23.8 23.25 22.72 22.22 21.73 21.25 20.79 20.34 19.9 19.46 19.04 18.62 18.21 17.8 17.41 17.04 16.69 16.37 16.09 15.86 15.68 15.56 15.49 15.47 15.47 15.5 15.55 15.61 15.68 15.75 15.82 15.89 15.96 16.03 16.09 16.16 16.22 16.28 16.33 16.39 16.44 16.49 16.53 16.58 16.62 16.66 16.7 16.73 16.77 16.8 16.83 16.86
46.94 46.14 45.23 44.25 43.2 42.09 40.95 39.8 38.64 37.49 36.35 35.25 34.17 33.13 32.12 31.16 30.24 29.36 28.52 27.73 26.98 26.26 25.59 24.95 24.34 23.77 23.22 22.69 22.19 21.71 21.25 20.8 20.36 19.94 19.52 19.11 18.71 18.32 17.94 17.57 17.21 16.87 16.55 16.26 16.01 15.8 15.64 15.52 15.45 15.41 15.4 15.42 15.46 15.51 15.56 15.62 15.69 15.76 15.82 15.89 15.96 16.02 16.08 16.14 16.2 16.25 16.3 16.36 16.4 16.45 16.49 16.54 16.58 16.61 16.65 16.69 16.72 16.75
45.39 44.58 43.68 42.71 41.69 40.63 39.54 38.44 37.34 36.25 35.17 34.12 33.09 32.1 31.14 30.21 29.33 28.49 27.69 26.93 26.21 25.53 24.88 24.28 23.7 23.15 22.64 22.14 21.67 21.21 20.78 20.35 19.95 19.55 19.16 18.78 18.41 18.04 17.69 17.35 17.03 16.72 16.43 16.17 15.95 15.76 15.6 15.49 15.41 15.37 15.35 15.36 15.38 15.42 15.47 15.53 15.58 15.65 15.71 15.77 15.84 15.9 15.96 16.02 16.08 16.13 16.18 16.24 16.29 16.33 16.38 16.42 16.46 16.5 16.54 16.58 16.61 16.65
43.87 43.04 42.14 41.19 40.19 39.16 38.12 37.07 36.02 34.98 33.96 32.96 31.98 31.04 30.12 29.24 28.4 27.6 26.83 26.11 25.42 24.78 24.17 23.6 23.05 22.54 22.05 21.59 21.15 20.73 20.32 19.93 19.54 19.18 18.82 18.46 18.12 17.79 17.47 17.16 16.86 16.58 16.33 16.09 15.89 15.71 15.57 15.46 15.39 15.34 15.31 15.31 15.33 15.36 15.4 15.45 15.5 15.55 15.61 15.67 15.73 15.79 15.85 15.91 15.97 16.02 16.08 16.13 16.18 16.23 16.27 16.32 16.36 16.4 16.44 16.48 16.51 16.55
42.38 41.53 40.62 39.67 38.69 37.69 36.69 35.68 34.69 33.7 32.73 31.79 30.86 29.96 29.09 28.25 27.45 26.69 25.96 25.28 24.63 24.02 23.45 22.91 22.41 21.93 21.48 21.05 20.64 20.25 19.87 19.51 19.16 18.82 18.49 18.17 17.86 17.56 17.26 16.98 16.71 16.46 16.23 16.02 15.83 15.67 15.54 15.44 15.36 15.31 15.29 15.28 15.29 15.31 15.34 15.38 15.43 15.48 15.53 15.59 15.65 15.7 15.76 15.82 15.87 15.93 15.98 16.03 16.08 16.13 16.18 16.22 16.27 16.31 16.35 16.39 16.42 16.46
40.92 40.05 39.12 38.17 37.2 36.23 35.26 34.3 33.35 32.42 31.5 30.61 29.73 28.88 28.05 27.26 26.5 25.77 25.08 24.44 23.83 23.26 22.73 22.23 21.76 21.32 20.91 20.51 20.14 19.78 19.44 19.11 18.8 18.49 18.19 17.9 17.61 17.34 17.08 16.82 16.58 16.35 16.15 15.96 15.79 15.64 15.52 15.42 15.35 15.3 15.27 15.26 15.26 15.27 15.3 15.33 15.37 15.42 15.47 15.52 15.58 15.63 15.68 15.74 15.79 15.85 15.9 15.95 16 16.04 16.09 16.14 16.18 16.22 16.26 16.3 16.34 16.38
39.51 38.6 37.66 36.7 35.73 34.77 33.83 32.91 32.02 31.14 30.28 29.43 28.61 27.8 27.02 26.26 25.54 24.85 24.2 23.6 23.03 22.5 22.01 21.55 21.13 20.73 20.35 20 19.66 19.34 19.03 18.74 18.45 18.18 17.91 17.65 17.39 17.15 16.91 16.68 16.46 16.26 16.07 15.9 15.75 15.62 15.5 15.41 15.34 15.29 15.26 15.24 15.24 15.25 15.27 15.3 15.34 15.38 15.42 15.47 15.52 15.57 15.62 15.67 15.72 15.77 15.82 15.87 15.92 15.97 16.01 16.06 16.1 16.14 16.19 16.22 16.26 16.3
38.14 37.2 36.23 35.25 34.28 33.33 32.42 31.55 30.7 29.88 29.07 28.28 27.5 26.74 26 25.28 24.59 23.94 23.33 22.76 22.24 21.75 21.3 20.89 20.51 20.15 19.81 19.5 19.2 18.92 18.64 18.38 18.13 17.89 17.65 17.42 17.19 16.97 16.76 16.56 16.36 16.18 16.01 15.86 15.72 15.6 15.5 15.41 15.34 15.29 15.26 15.24 15.23 15.24 15.25 15.28 15.31 15.34 15.38 15.43 15.47 15.52 15.57 15.62 15.66 15.71 15.76 15.81 15.86 15.9 15.95 15.99 16.03 16.08 16.12 16.16 16.19 16.23
