data/beijing.asc
ncols         209
nrows         162
xllcorner     115.41381
yllcorner     39.441978
cellsize      0.01
NODATA_value  -9999
[rows 68 to 101 of 162, columns 0 to 77 of 209]
-9999 -9999 -9999 -9999 -9999 -9999 -9999 -9999 -9999 -9999 -9999 -9999 -9999 -9999 -9999 -9999 -9999 -9999 -9999 -9999 -9999 -9999 -9999 -9999 -9999 -9999 -9999 -9999 -9999 -9999 -9999 -9999 -9999 -9999 -9999 -9999 -9999 -9999 -9999 -9999 -9999 -9999 -9999 50.28 50.28 50.27 50.27 50.25 50.24 50.22 50.2 50.16 50.13 50.08 50.02 49.96 49.88 49.8 49.69 49.57 49.44 49.28 49.11 48.91 48.68 48.43 48.15 47.83 47.49 47.1 46.69 46.23 45.75 45.24 44.7 44.16 43.6 43.06
-9999 -9999 -9999 -9999 -9999 -9999 -9999 -9999 -9999 -9999 -9999 -9999 -9999 -9999 -9999 -9999 -9999 -9999 -9999 -9999 -9999 -9999 -9999 -9999 -9999 -9999 -9999 -9999 -9999 -9999 -9999 -9999 -9999 -9999 -9999 -9999 -9999 -9999 -9999 -9999 -9999 -9999 -9999 -9999 50.36 50.37 50.37 50.37 50.36 50.35 50.33 50.31 50.28 50.25 50.21 50.15 50.09 50.01 49.92 49.82 49.7 49.56 49.4 49.21 49 48.75 48.48 48.17 47.82 47.44 47.01 46.55 46.04 45.5 44.93 44.35 43.75 43.16
-9999 -9999 -9999 -9999 -9999 -9999 -9999 -9999 -9999 -9999 -9999 -9999 -9999 -9999 -9999 -9999 -9999 -9999 -9999 -9999 -9999 -9999 -9999 -9999 -9999 -9999 -9999 -9999 -9999 -9999 -9999 -9999 -9999 -9999 -9999 -9999 -9999 -9999 -9999 -9999 -9999 -9999 -9999 -9999 -9999 -9999 50.47 50.47 -9999 50.47 50.47 50.46 50.44 50.42 50.39 50.35 50.3 50.23 50.16 50.07 49.97 49.84 49.69 49.52 49.33 49.1 48.83 48.53 48.19 47.81 47.38 46.9 46.38 45.81 45.21 44.57 43.93 43.29
-9999 -9999 -9999 -9999 -9999 -9999 -9999 -9999 -9999 -9999 -9999 -9999 -9999 -9999 -9999 -9999 -9999 -9999 -9999 -9999 -9999 -9999 -9999 -9999 -9999 -9999 -9999 -9999 -9999 -9999 -9999 -9999 -9999 -9999 -9999 -9999 -9999 -9999 -9999 -9999 -9999 -9999 -9999 -9999 -9999 -9999 -9999 -9999 -9999 -9999 50.6 50.6 50.59 50.58 50.56 50.54 50.5 50.46 50.4 50.33 50.24 50.13 50.01 49.85 49.67 49.46 49.22 48.93 48.6 48.22 47.79 47.31 46.77 46.17 45.53 44.85 44.14 43.44
-9999 -9999 -9999 -9999 -9999 -9999 -9999 -9999 -9999 -9999 -9999 -9999 -9999 -9999 -9999 -9999 -9999 -9999 -9999 -9999 -9999 -9999 -9999 -9999 -9999 -9999 -9999 -9999 -9999 -9999 -9999 -9999 -9999 -9999 -9999 -9999 -9999 -9999 -9999 -9999 -9999 -9999 -9999 -9999 -9999 -9999 -9999 -9999 -9999 -9999 50.72 50.73 50.74 50.74 50.74 50.73 50.71 50.68 50.64 50.59 50.52 50.43 50.33 50.2 50.04 49.85 49.63 49.36 49.05 48.68 48.26 47.78 47.22 46.61 45.92 45.18 44.41 43.63
-9999 -9999 -9999 -9999 -9999 -9999 -9999 -9999 -9999 -9999 -9999 -9999 -9999 -9999 -9999 -9999 -9999 -9999 -9999 -9999 -9999 -9999 -9999 -9999 -9999 -9999 -9999 -9999 -9999 -9999 -9999 -9999 -9999 -9999 -9999 -9999 -9999 -9999 -9999 -9999 -9999 -9999 -9999 -9999 -9999 -9999 -9999 -9999 -9999 -9999 -9999 50.86 50.88 50.89 50.9 50.91 50.91 50.9 50.88 50.84 50.8 50.74 50.66 50.55 50.42 50.26 50.06 49.83 49.54 49.2 48.79 48.31 47.76 47.12 46.4 45.61 44.75 43.87
-9999 -9999 -9999 -9999 -9999 -9999 -9999 -9999 -9999 -9999 -9999 -9999 -9999 -9999 -9999 -9999 -9999 -9999 -9999 -9999 -9999 -9999 -9999 -9999 -9999 -9999 -9999 -9999 -9999 -9999 -9999 -9999 -9999 -9999 -9999 -9999 -9999 -9999 -9999 -9999 -9999 -9999 -9999 -9999 -9999 -9999 -9999 -9999 -9999 -9999 -9999 50.98 51.01 51.04 51.06 51.09 51.1 51.11 51.11 51.1 51.08 51.04 50.99 50.91 50.82 50.69 50.53 50.32 50.07 49.76 49.38 48.93 48.39 47.75 47 46.15 45.21 44.2
-9999 -9999 -9999 -9999 -9999 -9999 -9999 -9999 -9999 -9999 -9999 -9999 -9999 -9999 -9999 -9999 -9999 -9999 -9999 -9999 -9999 -9999 -9999 -9999 -9999 -9999 -9999 -9999 -9999 -9999 -9999 -9999 -9999 -9999 -9999 -9999 -9999 -9999 -9999 -9999 -9999 -9999 -9999 -9999 -9999 -9999 -9999 -9999 -9999 -9999 -9999 -9999 51.13 51.18 51.22 51.25 51.29 51.31 51.34 51.35 51.35 51.35 51.32 51.28 51.22 51.13 51.01 50.85 50.64 50.37 50.04 49.62 49.11 48.49 47.75 46.86 45.84 44.7
-9999 -9999 -9999 -9999 -9999 -9999 -9999 -9999 -9999 -9999 -9999 -9999 -9999 -9999 -9999 -9999 -9999 -9999 -9999 -9999 -9999 -9999 -9999 -9999 -9999 -9999 -9999 -9999 -9999 -9999 -9999 -9999 -9999 -9999 -9999 -9999 -9999 -9999 -9999 -9999 -9999 -9999 -9999 -9999 -9999 -9999 -9999 -9999 -9999 -9999 -9999 -9999 -9999 51.3 51.35 51.41 51.46 51.51 51.55 51.59 51.62 51.64 51.65 51.65 51.62 51.58 51.5 51.39 51.24 51.03 50.76 50.4 49.95 49.37 48.66 47.78 46.73 45.47
-9999 -9999 -9999 -9999 -9999 -9999 -9999 -9999 -9999 -9999 -9999 -9999 -9999 -9999 -9999 -9999 -9999 -9999 -9999 -9999 -9999 -9999 -9999 -9999 -9999 -9999 -9999 -9999 -9999 -9999 -9999 -9999 -9999 -9999 -9999 -9999 -9999 -9999 -9999 -9999 -9999 -9999 -9999 -9999 -9999 -9999 -9999 -9999 -9999 -9999 -9999 -9999 -9999 51.41 51.48 51.55 51.62 51.69 51.75 51.82 51.88 51.93 51.97 52.01 52.03 52.03 52.01 51.95 51.87 51.73 51.53 51.26 50.89 50.4 49.76 48.95 47.93 46.68
-9999 -9999 -9999 -9999 -9999 -9999 -9999 -9999 -9999 -9999 -9999 -9999 -9999 -9999 -9999 -9999 -9999 -9999 -9999 -9999 -9999 -9999 -9999 -9999 -9999 -9999 -9999 -9999 -9999 -9999 -9999 -9999 -9999 -9999 -9999 -9999 -9999 -9999 -9999 -9999 -9999 -9999 -9999 -9999 -9999 -9999 -9999 -9999 -9999 -9999 -9999 -9999 -9999 -9999 51.59 51.67 51.76 51.85 51.94 52.03 52.11 52.2 52.28 52.35 52.41 52.47 52.5 52.52 52.5 52.45 52.34 52.17 51.92 51.55 51.04 50.36 49.47 48.35
-9999 -9999 -9999 -9999 -9999 -9999 -9999 -9999 -9999 -9999 -9999 -9999 -9999 -9999 -9999 -9999 -9999 -9999 -9999 -9999 -9999 -9999 -9999 -9999 -9999 -9999 -9999 -9999 -9999 -9999 -9999 -9999 -9999 -9999 -9999 -9999 -9999 -9999 -9999 -9999 -9999 -9999 -9999 -9999 -9999 -9999 -9999 -9999 -9999 -9999 -9999 -9999 -9999 -9999 51.68 51.78 51.88 51.99 52.1 52.21 52.32 52.44 52.55 52.67 52.78 52.88 52.98 53.06 53.13 53.17 53.17 53.12 53.01 52.8 52.46 51.97 51.28 50.38
-9999 -9999 -9999 -9999 -9999 -9999 -9999 -9999 -9999 -9999 -9999 -9999 -9999 -9999 -9999 -9999 -9999 -9999 -9999 -9999 -9999 -9999 -9999 -9999 -9999 -9999 -9999 -9999 -9999 -9999 -9999 -9999 -9999 -9999 -9999 -9999 -9999 -9999 -9999 -9999 -9999 -9999 -9999 -9999 -9999 -9999 -9999 -9999 -9999 -9999 -9999 -9999 -9999 -9999 51.75 51.86 51.98 52.11 52.23 52.37 52.51 52.65 52.8 52.96 53.11 53.27 53.43 53.58 53.73 53.86 53.98 54.07 54.11 54.09 53.97 53.72 53.28 52.63
-9999 -9999 -9999 -9999 -9999 -9999 -9999 -9999 -9999 -9999 -9999 -9999 -9999 -9999 -9999 -9999 -9999 -9999 -9999 -9999 -9999 -9999 -9999 -9999 -9999 -9999 -9999 -9999 -9999 -9999 -9999 -9999 -9999 -9999 -9999 -9999 -9999 -9999 -9999 -9999 -9999 -9999 -9999 -9999 -9999 -9999 -9999 -9999 -9999 -9999 51.34 51.45 51.56 51.67 51.79 51.92 52.05 52.19 52.34 52.5 52.66 52.83 53.01 53.2 53.4 53.61 53.82 54.05 54.27 54.51 54.74 54.97 55.18 55.36 55.49 55.51 55.37 54.99
-9999 -9999 -9999 -9999 -9999 -9999 -9999 -9999 -9999 -9999 -9999 -9999 -9999 -9999 -9999 -9999 -9999 -9999 -9999 -9999 -9999 -9999 -9999 -9999 -9999 -9999 -9999 -9999 -9999 -9999 -9999 -9999 -9999 -9999 -9999 -9999 -9999 -9999 -9999 -9999 -9999 -9999 -9999 -9999 -9999 -9999 -9999 -9999 -9999 51.23 51.33 51.44 51.56 51.68 51.81 51.95 52.09 52.25 52.41 52.59 52.77 52.97 53.18 53.4 53.63 53.89 54.15 54.44 54.74 55.07 55.41 55.77 56.15 56.53 56.91 57.24 57.45 57.39
-9999 -9999 -9999 -9999 -9999 -9999 -9999 -9999 -9999 -9999 -9999 -9999 -9999 -9999 -9999 -9999 -9999 -9999 -9999 -9999 -9999 -9999 -9999 -9999 -9999 -9999 -9999 -9999 -9999 -9999 -9999 -9999 -9999 -9999 -9999 -9999 -9999 -9999 -9999 -9999 -9999 -9999 -9999 -9999 -9999 -9999 -9999 50.99 51.09 51.19 51.3 51.42 51.54 51.67 51.8 51.95 52.11 52.27 52.45 52.64 52.84 53.05 53.29 53.54 53.8 54.09 54.41 54.74 55.11 55.51 55.95 56.42 56.94 57.51 58.12 58.75 59.36 59.74
-9999 -9999 -9999 -9999 -9999 -9999 -9999 -9999 -9999 -9999 -9999 -9999 -9999 -9999 -9999 -9999 -9999 -9999 -9999 -9999 -9999 -9999 -9999 -9999 -9999 -9999 -9999 -9999 -9999 -9999 -9999 -9999 -9999 -9999 -9999 -9999 -9999 -9999 -9999 -9999 -9999 -9999 -9999 -9999 -9999 -9999 50.84 50.93 51.03 51.14 51.25 51.37 51.49 51.63 51.77 51.92 52.08 52.26 52.44 52.64 52.86 53.09 53.34 53.61 53.9 54.22 54.57 54.94 55.36 55.82 56.32 56.88 57.5 58.2 58.98 59.86 60.82 61.79
-9999 -9999 -9999 -9999 -9999 -9999 -9999 -9999 -9999 -9999 -9999 -9999 -9999 -9999 -9999 -9999 -9999 -9999 -9999 -9999 -9999 -9999 -9999 -9999 -9999 -9999 -9999 -9999 -9999 -9999 -9999 -9999 -9999 -9999 -9999 -9999 -9999 -9999 -9999 -9999 -9999 -9999 -9999 -9999 -9999 -9999 50.76 50.85 50.95 51.06 51.17 51.29 51.42 51.56 51.7 51.86 52.03 52.2 52.4 52.6 52.83 53.07 53.33 53.61 53.92 54.26 54.62 55.03 55.47 55.96 56.5 57.11 57.79 58.54 59.4 60.36 61.44 62.65
-9999 -9999 -9999 -9999 -9999 -9999 -9999 -9999 -9999 -9999 -9999 -9999 -9999 -9999 -9999 -9999 -9999 -9999 -9999 -9999 -9999 -9999 -9999 -9999 -9999 -9999 -9999 -9999 -9999 -9999 -9999 -9999 -9999 -9999 -9999 -9999 -9999 -9999 -9999 -9999 -9999 -9999 -9999 -9999 -9999 -9999 50.66 50.76 50.86 50.96 51.08 51.2 51.32 51.46 51.61 51.76 51.93 52.11 52.31 52.52 52.74 52.99 53.25 53.54 53.86 54.2 54.58 54.99 55.44 55.94 56.49 57.1 57.77 58.51 59.33 60.2 61.08 61.81
-9999 -9999 -9999 -9999 -9999 -9999 -9999 -9999 -9999 -9999 -9999 -9999 -9999 -9999 -9999 -9999 -9999 -9999 -9999 -9999 -9999 -9999 -9999 -9999 -9999 -9999 -9999 -9999 -9999 -9999 -9999 -9999 -9999 -9999 -9999 -9999 -9999 -9999 -9999 -9999 -9999 -9999 -9999 -9999 50.38 50.46 50.55 50.64 50.74 50.84 50.95 51.07 51.2 51.33 51.48 51.63 51.8 51.98 52.17 52.38 52.6 52.85 53.11 53.4 53.71 54.05 54.42 54.82 55.27 55.75 56.28 56.85 57.47 58.14 58.83 59.51 60.09 60.37
-9999 -9999 -9999 -9999 -9999 -9999 -9999 -9999 -9999 -9999 -9999 -9999 -9999 -9999 -9999 -9999 -9999 -9999 -9999 -9999 -9999 -9999 -9999 -9999 -9999 -9999 -9999 -9999 -9999 -9999 -9999 -9999 -9999 -9999 -9999 -9999 49.76 -9999 -9999 -9999 -9999 -9999 50.11 50.18 50.26 50.33 50.42 50.51 50.6 50.7 50.81 50.93 51.05 51.18 51.32 51.47 51.63 51.81 51.99 52.2 52.41 52.65 52.9 53.18 53.48 53.8 54.16 54.54 54.95 55.4 55.88 56.39 56.93 57.48 58.01 58.48 58.78 58.8
-9999 -9999 -9999 -9999 -9999 -9999 -9999 -9999 -9999 -9999 -9999 -9999 -9999 -9999 -9999 -9999 -9999 -9999 -9999 -9999 -9999 -9999 -9999 -9999 -9999 -9999 -9999 -9999 -9999 -9999 -9999 -9999 -9999 -9999 49.55 49.59 49.64 -9999 -9999 -9999 -9999 -9999 -9999 50.04 50.12 50.19 50.27 50.36 50.45 50.54 50.65 50.76 50.87 51 51.13 51.28 51.43 51.59 51.77 51.96 52.17 52.39 52.63 52.89 53.17 53.47 53.79 54.14 54.51 54.91 55.32 55.76 56.19 56.61 56.98 57.25 57.35 57.19
-9999 -9999 -9999 -9999 -9999 -9999 -9999 -9999 -9999 -9999 -9999 -9999 -9999 -9999 -9999 -9999 -9999 -9999 -9999 -9999 -9999 -9999 -9999 -9999 -9999 -9999 -9999 -9999 -9999 -9999 -9999 -9999 -9999 -9999 49.43 49.47 49.52 -9999 -9999 -9999 -9999 -9999 -9999 49.89 49.96 50.03 50.11 50.19 50.27 50.36 50.46 50.56 50.67 50.79 50.91 51.05 51.19 51.34 51.51 51.68 51.87 52.08 52.3 52.53 52.78 53.05 53.34 53.64 53.96 54.29 54.63 54.97 55.29 55.58 55.8 55.9 55.85 55.57
-9999 -9999 -9999 -9999 -9999 -9999 -9999 -9999 -9999 -9999 -9999 -9999 -9999 -9999 -9999 -9999 -9999 -9999 -9999 -9999 -9999 -9999 -9999 -9999 -9999 -9999 -9999 -9999 -9999 -9999 -9999 -9999 -9999 -9999 49.3 49.34 49.38 49.42 49.47 49.52 -9999 -9999 -9999 49.73 49.79 49.86 49.93 50 50.08 50.16 50.25 50.34 50.44 50.55 50.67 50.79 50.92 51.06 51.2 51.36 51.53 51.71 51.9 52.11 52.33 52.56 52.8 53.05 53.31 53.57 53.83 54.07 54.28 54.44 54.53 54.5 54.32 53.95
-9999 -9999 -9999 -9999 -9999 -9999 -9999 -9999 -9999 -9999 -9999 -9999 -9999 -9999 -9999 -9999 -9999 -9999 -9999 -9999 -9999 -9999 -9999 -9999 -9999 -9999 -9999 -9999 -9999 -9999 -9999 -9999 -9999 49.13 49.17 49.2 49.24 49.28 49.32 49.36 49.4 49.45 49.5 49.55 49.61 49.67 49.73 49.8 49.87 49.94 50.02 50.11 50.2 50.29 50.39 50.5 50.61 50.73 50.86 51 51.15 51.3 51.46 51.63 51.81 52 52.19 52.38 52.58 52.76 52.93 53.08 53.19 53.24 53.21 53.06 52.79 52.35
-9999 -9999 -9999 -9999 -9999 -9999 -9999 -9999 -9999 -9999 -9999 -9999 -9999 -9999 -9999 -9999 -9999 -9999 -9999 -9999 -9999 -9999 -9999 -9999 48.78 48.8 48.82 48.84 48.87 48.89 48.91 48.94 48.97 48.99 49.02 49.05 49.09 49.12 49.16 49.19 49.23 49.28 49.32 49.37 49.41 49.47 49.52 49.58 49.64 49.71 49.77 49.85 49.92 50 50.09 50.18 50.28 50.38 50.49 50.6 50.72 50.84 50.97 51.11 51.24 51.38 51.52 51.65 51.78 51.89 51.98 52.03 52.04 51.99 51.85 51.62 51.26 50.76
-9999 -9999 -9999 -9999 -9999 -9999 -9999 -9999 -9999 -9999 -9999 -9999 -9999 -9999 -9999 -9999 -9999 -9999 -9999 48.59 -9999 -9999 48.63 48.65 48.66 48.68 48.7 48.72 48.74 48.76 48.78 48.8 48.82 48.85 48.87 48.9 48.93 48.96 48.99 49.02 49.05 49.09 49.13 49.17 49.21 49.25 49.3 49.35 49.4 49.45 49.51 49.57 49.63 49.7 49.77 49.84 49.92 50 50.08 50.17 50.26 50.35 50.44 50.54 50.63 50.72 50.8 50.87 50.93 50.97 50.97 50.94 50.86 50.71 50.49 50.17 49.74 49.19
-9999 -9999 -9999 -9999 -9999 -9999 -9999 -9999 -9999 -9999 -9999 -9999 -9999 -9999 -9999 -9999 -9999 -9999 48.47 48.48 48.49 48.5 48.52 48.53 48.54 48.56 48.57 48.59 48.6 48.62 48.64 48.65 48.67 48.69 48.71 48.74 48.76 48.78 48.81 48.83 48.86 48.89 48.92 48.95 48.99 49.02 49.06 49.1 49.14 49.18 49.22 49.27 49.32 49.37 49.42 49.48 49.53 49.59 49.65 49.71 49.77 49.82 49.88 49.93 49.98 50.02 50.04 50.06 50.05 50.01 49.94 49.83 49.66 49.43 49.12 48.73 48.24 47.64
-9999 -9999 -9999 -9999 -9999 -9999 -9999 -9999 -9999 -9999 -9999 -9999 -9999 48.32 48.33 -9999 -9999 -9999 48.36 48.37 48.37 48.38 48.39 48.4 48.41 48.43 48.44 48.45 48.46 48.47 48.49 48.5 48.52 48.53 48.55 48.57 48.58 48.6 48.62 48.64 48.66 48.68 48.71 48.73 48.76 48.78 48.81 48.84 48.87 48.9 48.93 48.96 48.99 49.03 49.06 49.09 49.13 49.16 49.19 49.22 49.25 49.27 49.29 49.3 49.3 49.29 49.26 49.21 49.14 49.03 48.89 48.7 48.46 48.15 47.77 47.31 46.76 46.12
-9999 -9999 -9999 -9999 -9999 -9999 -9999 -9999 -9999 -9999 -9999 -9999 48.21 48.21 48.22 48.22 48.23 48.24 48.24 48.25 48.25 48.26 48.27 48.27 48.28 48.29 48.3 48.31 48.32 48.32 48.33 48.34 48.35 48.37 48.38 48.39 48.4 48.41 48.43 48.44 48.45 48.47 48.48 48.5 48.51 48.53 48.55 48.56 48.58 48.6 48.62 48.63 48.65 48.66 48.68 48.69 48.7 48.71 48.72 48.72 48.71 48.7 48.68 48.65 48.6 48.54 48.46 48.35 48.21 48.04 47.83 47.57 47.26 46.88 46.43 45.91 45.31 44.63
-9999 -9999 -9999 -9999 -9999 -9999 -9999 -9999 -9999 -9999 48.1 48.1 48.1 48.11 48.11 48.11 48.12 48.12 48.12 48.13 48.13 48.13 48.14 48.14 48.15 48.15 48.15 48.16 48.16 48.17 48.18 48.18 48.19 48.19 48.2 48.21 48.21 48.22 48.22 48.23 48.24 48.24 48.25 48.26 48.26 48.27 48.28 48.28 48.29 48.29 48.29 48.29 48.29 48.29 48.29 48.28 48.26 48.25 48.22 48.2 48.16 48.11 48.05 47.98 47.89 47.78 47.64 47.48 47.29 47.05 46.78 46.45 46.07 45.63 45.12 44.54 43.89 43.17
-9999 -9999 -9999 -9999 -9999 -9999 -9999 -9999 -9999 47.99 47.99 47.99 47.99 48 48 48 48 48 48 48 48 48 48 48 48.01 48.01 48.01 48.01 48.01 48.01 48.01 48.01 48.01 48.01 48.02 48.02 48.02 48.02 48.02 48.02 48.02 48.01 48.01 48.01 48.01 48 48 47.99 47.98 47.97 47.96 47.94 47.93 47.91 47.88 47.85 47.81 47.77 47.72 47.66 47.59 47.51 47.41 47.3 47.17 47.01 46.83 46.61 46.36 46.07 45.74 45.35 44.91 44.41 43.85 43.21 42.51 41.75
-9999 -9999 -9999 -9999 -9999 -9999 -9999 47.89 47.89 47.89 47.89 47.88 47.88 47.88 47.88 47.88 47.88 47.88 47.87 47.87 47.87 47.87 47.87 47.86 47.86 47.86 47.86 47.85 47.85 47.85 47.84 47.84 47.84 47.83 47.83 47.82 47.82 47.81 47.8 47.79 47.79 47.78 47.77 47.75 47.74 47.73 47.71 47.69 47.67 47.64 47.62 47.59 47.55 47.51 47.47 47.41 47.36 47.29 47.21 47.12 47.02 46.91 46.77 46.62 46.45 46.25 46.02 45.75 45.45 45.11 44.72 44.28 43.78 43.23 42.61 41.93 41.18 40.37
-9999 -9999 -9999 -9999 -9999 -9999 47.79 47.79 47.78 47.78 47.78 47.77 47.77 47.77 47.76 47.76 47.75 47.75 47.74 47.74 47.74 47.73 47.73 47.72 47.71 47.71 47.7 47.69 47.69 47.68 47.67 47.66 47.65 47.64 47.63 47.62 47.61 47.6 47.58 47.57 47.55 47.53 47.51 47.49 47.47 47.44 47.41 47.38 47.35 47.31 47.27 47.22 47.17 47.11 47.05 46.97 46.89 46.8 46.7 46.58 46.45 46.3 46.13 45.95 45.73 45.49 45.22 44.91 44.56 44.17 43.73 43.24 42.69 42.09 41.42 40.69 39.9 39.05
